_C_1c94_55b1ec99_82 84 0 140 0 0 6865636b 0 61782d63 0 6765206d 0 72616e 0 0 0 0 0 0 0 0 0 0 0 0 
_C_1c94_55b1ec99_cd 84 0 260 0 0 76656e74 0 72742065 0 20737461 0 66746572 0 65732061 0 6379636c 0 636b7320 0 6e756d5f 0 68696e20 0 20776974 0 616c7565 0 67652076 0 6368616e 0 6e6f7420 0 64696420 0 696f6e20 0 72657373 0 20657870 0 54657374 
_C_1c94_55b1ec99_12f 8c 0 1b0 0 0 76656e74 0 72745f65 0 20737461 0 66746572 0 6b732061 0 756d5f63 0 7572206e 0 206f6363 0 6f756c64 0 72207368 0 5f657870 0 74657374 0 745f315f 0 6e78 
_C_1c94_55b1ec99_95 84 0 140 0 0 6865636b 0 616c2d63 0 6e203276 0 77206d69 0 72666c6f 0 5f6f7665 0 6e6f 0 0 0 0 0 0 
_C_1c94_55b1ec99_5 8c 0 368 0 0 3a20256d 0 25307420 0 696d6520 0 203a2074 0 52524f52 0 564c5f45 0 746f204f 0 79706520 0 67652074 0 65737361 0 6e67206d 0 65747469 0 6c2c2073 0 6c657665 0 6974795f 0 65766572 0 65722073 0 616d6574 0 20706172 0 6420696e 0 20757365 0 74696f6e 0 6c206f70 0 6c656761 0 3a20496c 0 52524f52 0 564c5f45 0 4f 
_C_1c94_55b1ec99_155 8c 0 d8 0 0 47455f50 0 5f52414e 0 53455254 0 415f4153 0 6572742e 0 5f617373 0 6f766c 
_C_1c94_55b1ec99_87 84 0 140 0 0 64676529 0 45202865 0 73653d2d 0 58582c20 0 2074653a 0 65636b3a 0 582d6368 0 64676520 0 6f6e5f65 0 6179735f 
_C_1c94_55b1ec99_48 84 0 2e0 0 0 6f72205a 0 73205820 0 7461696e 0 20636f6e 0 74617465 0 72745f73 0 737461 0 0 0 0 0 0 0 0 0 0 0 0 0 0 0 0 0 0 0 0 0 0 0 0 0 0 0 0 0 0 0 0 
_C_1c94_55b1ec99_18a 84 0 200 0 0 6f736573 0 7720636c 0 696e646f 0 6e742077 0 20657665 0 20746865 0 666f7265 0 65206265 0 76616c75 0 67656420 0 6368616e 0 68617320 0 696f6e20 0 72657373 0 20657870 0 54657374 
_C_1c94_55b1ec99_61 84 0 140 0 0 45525429 0 20415353 0 452c2032 0 5353554d 0 28312041 0 524f5220 0 3a204552 0 4661696c 0 3320 0 0 
_C_1c94_55b1ec99_4b 84 0 260 0 0 6f72205a 0 73205820 0 7461696e 0 20636f6e 0 616c7565 0 636b5f76 0 636865 0 0 0 0 0 0 0 0 0 0 0 0 0 0 0 0 0 0 0 0 0 0 0 0 
_C_1c94_55b1ec99_c5 84 0 1c0 0 0 76656e74 0 6e672065 0 6d706c69 0 66207361 0 6765206f 0 79206564 0 6e20616e 0 5345206f 0 2046414c 0 6e206973 0 7373696f 0 78707265 0 73742065 0 5465 
_C_1c94_55b1ec99_14a 8c 0 108 0 0 585a5f50 0 4f4c445f 0 4e455f43 0 52545f4f 0 41535345 0 742e415f 0 73736572 0 766c5f61 0 6f 
_C_1c94_55b1ec99_5e 84 0 140 0 0 6865636b 0 20582d63 0 77617973 0 616c 0 0 0 0 0 0 0 0 0 0 0 0 
_C_1c94_55b1ec99_105 8c 0 250 0 0 50525f50 0 545f4558 0 5f544553 0 5a5f4f4e 0 4d455f58 0 5f465241 0 53455254 0 415f4153 0 7870722e 0 73745f65 0 6e5f7465 0 787a5f6f 0 616d655f 0 745f6672 0 73736572 0 2e615f61 0 73657274 0 6c5f6173 0 6f76 
_C_1c94_55b1ec99_b1 8c 0 260 0 0 47455f50 0 4f534544 0 47455f50 0 4e5f4544 0 59535f4f 0 414c5741 0 4552545f 0 5f415353 0 67652e41 0 6f736564 0 67655f70 0 6e5f6564 0 79735f6f 0 616c7761 0 6572745f 0 5f617373 0 72742e61 0 61737365 0 6f766c5f 
_C_1c94_55b1ec99_b9 8c 0 260 0 0 47455f50 0 45474544 0 47455f4e 0 4e5f4544 0 59535f4f 0 414c5741 0 4552545f 0 5f415353 0 67652e41 0 65676564 0 67655f6e 0 6e5f6564 0 79735f6f 0 616c7761 0 6572745f 0 5f617373 0 72742e61 0 61737365 0 6f766c5f 
_C_1c94_55b1ec99_c1 8c 0 260 0 0 47455f50 0 4e594544 0 47455f41 0 4e5f4544 0 59535f4f 0 414c5741 0 4552545f 0 5f415353 0 67652e41 0 6e796564 0 67655f61 0 6e5f6564 0 79735f6f 0 616c7761 0 6572745f 0 5f617373 0 72742e61 0 61737365 0 6f766c5f 
_C_1c94_55b1ec99_77 84 0 140 0 0 6865636b 0 616c2d63 0 64203276 0 5f636f6c 0 6f6e65 0 0 0 0 0 0 0 0 0 0 
_C_1c94_55b1ec99_9b 84 0 140 0 0 6865636b 0 616c2d63 0 6e203276 0 6974696f 0 72616e73 0 74 0 0 0 0 0 0 0 0 
_C_1c94_55b1ec99_15b 8c 0 150 0 0 50525f50 0 545f4558 0 5f544553 0 5a5f4f4e 0 4d455f58 0 545f5449 0 53534552 0 2e415f41 0 73657274 0 6c5f6173 0 6f76 
_C_1c94_55b1ec99_167 8c 0 170 0 0 50525f50 0 545f4558 0 5f544553 0 5a5f4f4e 0 47455f58 0 4348414e 0 545f554e 0 53534552 0 2e415f41 0 73657274 0 6c5f6173 0 6f76 
_C_1c94_55b1ec99_91 84 0 140 0 0 6865636b 0 76616c63 0 61782032 0 7461206d 0 64656c 0 0 0 0 0 0 0 0 0 0 
_C_1c94_55b1ec99_119 8c 0 220 0 0 4f505f50 0 515f4452 0 455f5245 0 5348414b 0 48414e44 0 4552545f 0 5f415353 0 6f702e41 0 715f6472 0 655f7265 0 7368616b 0 68616e64 0 6572745f 0 5f617373 0 72742e61 0 61737365 0 6f766c5f 
_C_1c94_55b1ec99_161 8c 0 298 0 0 61727429 0 77207374 0 6e206e65 0 6f72206f 0 28657272 0 656e7420 0 745f6576 0 73746172 0 6d5f335f 0 72207469 0 61667465 0 6c657320 0 20637963 0 6f722035 0 6c642066 0 7420686f 0 206d7573 0 65787072 0 6573745f 0 5f335f74 0 74696d 
_C_1c94_55b1ec99_103 8c 0 268 0 0 733d3029 0 6e5f636b 0 20286d69 0 76656e74 0 72745f65 0 5f737461 0 726d5f32 0 65722066 0 20616674 0 636c6573 0 37206379 0 68696e20 0 20776974 0 686f6c64 0 75737420 0 7072206d 0 745f6578 0 5f746573 0 726d5f32 0 66 
_C_1c94_55b1ec99_17c 8c 0 100 0 0 47455f50 0 4348414e 0 57494e5f 0 4552545f 0 5f415353 0 72742e41 0 61737365 0 6f766c5f 
_C_1c94_55b1ec99_f4 8c 0 150 0 0 4f575f50 0 4552464c 0 5f554e44 0 4e444558 0 464f5f49 0 545f4649 0 53534552 0 2e415f41 0 73657274 0 6c5f6173 0 6f76 
_C_1c94_55b1ec99_b7 84 0 1c0 0 0 6f72205a 0 73205820 0 7461696e 0 20636f6e 0 76656e74 0 6e675f65 0 6d706c69 0 7361 0 0 0 0 0 0 0 0 0 0 0 0 
_C_23b7_55b1ef07_4 8c 0 150 0 0 3a20256d 0 25307420 0 696d6520 0 203a2074 0 20253073 0 2573203a 0 54203a20 0 504f494e 0 5645525f 0 4c5f434f 0 4f56 
_C_1c94_55b1ec99_14e 8c 0 e8 0 0 4f545f50 0 4e455f48 0 52545f4f 0 41535345 0 742e415f 0 73736572 0 766c5f61 0 6f 
_C_1c94_55b1ec99_182 84 0 200 0 0 6f72205a 0 73205820 0 7461696e 0 20636f6e 0 65787072 0 6573745f 0 74 0 0 0 0 0 0 0 0 0 0 0 0 0 0 0 0 0 0 
_C_1c94_55b1ec99_65 84 0 140 0 0 733d3029 0 20636f6e 0 653d582c 0 28616e74 0 65636b20 0 582d6368 0 696f6e20 0 69636174 0 696d706c 0 0 
_C_1c94_55b1ec99_68 84 0 140 0 0 733d5829 0 20636f6e 0 653d302c 0 28616e74 0 65636b20 0 582d6368 0 696f6e20 0 69636174 0 696d706c 0 0 
_C_1c94_55b1ec99_5d 84 0 140 0 0 52524f52 0 6c3a2045 0 20666169 0 31 0 0 0 0 0 0 0 0 0 0 0 0 
_C_1c94_55b1ec99_fd 8c 0 288 0 0 733d3029 0 785f636b 0 20286d61 0 76656e74 0 72745f65 0 5f737461 0 726d5f31 0 65722066 0 20616674 0 636c6573 0 33206379 0 6f726520 0 20626566 0 686f6c64 0 6e6f7420 0 75737420 0 7072206d 0 745f6578 0 5f746573 0 726d5f31 0 66 
_C_1c94_55b1ec99_7c 84 0 140 0 0 6865636b 0 726f2d63 0 74207a65 0 655f686f 0 6f6e 0 0 0 0 0 0 0 0 0 0 
_C_1c94_55b1ec99_177 84 0 260 0 0 636c6573 0 73206379 0 785f636b 0 6d206d61 0 78696d75 0 64206d61 0 69666965 0 73706563 0 68616e20 0 72652074 0 72206d6f 0 4520666f 0 20545255 0 68656c64 0 77617320 0 696f6e20 0 72657373 0 20657870 0 54657374 
_C_1c94_55b1ec99_1c 8c 0 1d0 0 0 72746564 0 61737365 0 69747320 0 6f662062 0 62657220 0 206e756d 0 206f6464 0 6520616e 0 20686176 0 6f756c64 0 72207368 0 5f657870 0 74657374 0 705f315f 0 6f64 
_C_1c94_55b1ec99_144 8c 0 120 0 0 666c6f77 0 6e646572 0 6f742075 0 6c64206e 0 73686f75 0 78707220 0 73745f65 0 315f7465 0 6e6f755f 
_C_1c94_55b1ec99_11d 84 0 340 0 0 75657374 0 20726571 0 64696e67 0 2070656e 0 75742061 0 6974686f 0 65732077 0 72726976 0 67652061 0 776c6564 0 636b6e6f 0 41 0 0 0 0 0 0 0 0 0 0 0 0 0 0 0 0 0 0 0 0 0 0 0 0 0 0 0 0 
_C_1c94_55b1ec99_13f 8c 0 108 0 0 4f575f50 0 4552464c 0 4f5f4f56 0 52545f4e 0 41535345 0 742e415f 0 73736572 0 766c5f61 0 6f 
_C_1c94_55b1ec99_e9 8c 0 f8 0 0 4e545f50 0 52454d45 0 5f444543 0 53455254 0 415f4153 0 6572742e 0 5f617373 0 6f766c 
_C_1c94_55b1ec99_12 8c 0 188 0 0 50525f50 0 545f4558 0 5f544553 0 5a5f4f4e 0 54595f58 0 50415249 0 56454e5f 0 52545f45 0 41535345 0 742e415f 0 73736572 0 766c5f61 0 6f 
_C_1c94_55b1ec99_a3 84 0 140 0 0 6865636b 0 616c2d63 0 64203276 0 652d656e 0 65666f72 0 6f772062 0 77696e64 0 0 0 0 0 0 
_C_1c94_55b1ec99_be 84 0 1c0 0 0 76656e74 0 6e672065 0 6d706c69 0 66207361 0 6765206f 0 65676564 0 6f6e206e 0 4c534520 0 73204641 0 6f6e2069 0 65737369 0 65787072 0 65737420 0 54 
_C_1c94_55b1ec99_ea 8c 0 178 0 0 50525f50 0 545f4558 0 5f544553 0 5a5f4f4e 0 4e545f58 0 52454d45 0 5f444543 0 53455254 0 415f4153 0 6572742e 0 5f617373 0 6f766c 
_C_1c94_55b1ec99_149 8c 0 f0 0 0 4c445f50 0 455f434f 0 545f4f4e 0 53534552 0 2e415f41 0 73657274 0 6c5f6173 0 6f76 
_C_1c94_55b1ec99_6b 84 0 140 0 0 6865636b 0 616c2d63 0 6e203276 0 6174696f 0 706c6963 0 696d 0 0 0 0 0 0 0 0 
_C_1c94_55b1ec99_41 84 0 120 0 0 75656e74 0 6e736571 0 6520636f 0 20686176 0 206e6f74 0 646f6573 0 656e7420 0 65636564 0 416e74 
_C_1c94_55b1ec99_76 84 0 140 0 0 52524f52 0 6c3a2045 0 2d666169 0 332058 0 0 0 0 0 0 0 0 0 0 0 0 
_C_1c94_55b1ec99_16d 8c 0 1f0 0 0 76656e74 0 72745f65 0 20737461 0 73206f66 0 6d5f636b 0 67206e75 0 7572696e 0 6c652064 0 73746162 0 20626520 0 6f756c64 0 72207368 0 5f657870 0 74657374 0 635f335f 0 756e 
_C_1c94_55b1ec99_6 8c 0 188 0 0 3a20256d 0 25307420 0 696d6520 0 203a2074 0 20253064 0 72697479 0 73657665 0 73203a20 0 3a202530 0 20257320 0 2573203a 0 73203a20 0 25 
_C_1c94_55b1ec99_40 84 0 160 0 0 6f72205a 0 73205820 0 7461696e 0 20636f6e 0 65787072 0 6573745f 0 74 0 0 0 0 0 0 0 0 
_C_1c94_55b1ec99_cc 84 0 260 0 0 6f72205a 0 73205820 0 7461696e 0 20636f6e 0 65787072 0 6573745f 0 74 0 0 0 0 0 0 0 0 0 0 0 0 0 0 0 0 0 0 0 0 0 0 0 0 
_C_1c94_55b1ec99_c4 8c 0 2d0 0 0 585a5f50 0 454e545f 0 505f4556 0 5f53414d 0 45444745 0 5f414e59 0 45444745 0 5f4f4e5f 0 57415953 0 545f414c 0 53534552 0 2e415f41 0 65646765 0 5f616e79 0 65646765 0 5f6f6e5f 0 77617973 0 745f616c 0 73736572 0 2e615f61 0 73657274 0 6c5f6173 0 6f76 
_C_1c94_55b1ec99_23 8c 0 198 0 0 50525f50 0 545f4558 0 5f544553 0 5a5f4f4e 0 4f4e5f58 0 53495449 0 5452414e 0 5f4e4f5f 0 53455254 0 415f4153 0 6572742e 0 5f617373 0 6f766c 
_C_1c94_55b1ec99_b 8c 0 e0 0 0 59535f50 0 414c5741 0 4552545f 0 5f415353 0 72742e41 0 61737365 0 6f766c5f 
_C_1c94_55b1ec99_aa 8c 0 a8 0 0 45444745 0 5f4f4e5f 0 57415953 0 545f414c 0 53534552 0 41 
_C_1c94_55b1ec99_12e 8c 0 58 0 0 4e455854 0 4552545f 0 415353 
_C_1c94_55b1ec99_36 8c 0 160 0 0 4e545f50 0 5f455645 0 5f454e44 0 5a5f4f4e 0 4f575f58 0 57494e44 0 4552545f 0 5f415353 0 72742e41 0 61737365 0 6f766c5f 
_C_1c94_55b1ec99_5f 84 0 140 0 0 45525429 0 20415353 0 452c2031 0 5353554d 0 28312041 0 524f5220 0 3a204552 0 6661696c 0 3220582d 0 0 
_C_1c94_55b1ec99_38 8c 0 348 0 0 2020207c 0 20202020 0 20202020 0 20202020 0 45532020 0 494c5552 0 20204641 0 20202020 0 20202020 0 20202020 0 7c202020 0 20202020 0 20202020 0 20202020 0 20202020 0 4e542020 0 20455645 0 20202020 0 20202020 0 20202020 0 20202020 0 207c2020 0 4d452020 0 20205449 0 3a207c20 0 4e444558 0 49 
_C_1c94_55b1ec99_169 84 0 260 0 0 72746564 0 61737365 0 656e7420 0 74206576 0 73746172 0 74686520 0 726f6d20 0 6b732066 0 756d5f63 0 696e206e 0 77697468 0 6c756520 0 64207661 0 616e6765 0 6e206368 0 7373696f 0 78707265 0 73742065 0 5465 
_C_25a4_55b1f10e_1 8c 0 40 0 0 2e766364 0 64756d70 
_C_1c94_55b1ec99_13d 8c 0 90 0 0 464c4f57 0 4f564552 0 5f4e4f5f 0 53455254 0 4153 
_C_1c94_55b1ec99_b6 84 0 1c0 0 0 76656e74 0 6e672065 0 6d706c69 0 66207361 0 6765206f 0 6f736564 0 6f6e2070 0 4c534520 0 73204641 0 6f6e2069 0 65737369 0 65787072 0 65737420 0 54 
_C_1c94_55b1ec99_94 84 0 140 0 0 6865636b 0 616c2d63 0 74203276 0 656d656e 0 696e6372 0 0 0 0 0 0 0 0 0 0 
_C_1c94_55b1ec99_a0 84 0 140 0 0 6865636b 0 616c2d63 0 65203276 0 68616e67 0 756e63 0 0 0 0 0 0 0 0 0 0 
_C_1c94_55b1ec99_b0 8c 0 148 0 0 65646765 0 20706f73 0 68206f6e 0 20686967 0 64206265 0 686f756c 0 70722073 0 745f6578 0 5f746573 0 6f655f32 0 61 
_C_1c94_55b1ec99_17 8c 0 178 0 0 58505f50 0 4f4e5f45 0 4f4e5f43 0 5f585a5f 0 54494f4e 0 4c494341 0 5f494d50 0 53455254 0 415f4153 0 6572742e 0 5f617373 0 6f766c 
_C_1c94_55b1ec99_121 84 0 340 0 0 69766573 0 20617272 0 6d656e74 0 65646765 0 6e6f776c 0 2061636b 0 666f7265 0 64206265 0 65727465 0 65617373 0 69732064 0 65737420 0 52657175 0 0 0 0 0 0 0 0 0 0 0 0 0 0 0 0 0 0 0 0 0 0 0 0 0 0 
_C_1c94_55b1ec99_e2 8c 0 400 0 0 585a5f50 0 4e54535f 0 5f455645 0 55454e54 0 42534551 0 325f5355 0 315f4e43 0 4e5f4e43 0 45525f4f 0 52494747 0 43455f54 0 5155454e 0 545f5345 0 53534552 0 2e415f41 0 735f787a 0 76656e74 0 6e745f65 0 65717565 0 73756273 0 6e63325f 0 6e63315f 0 5f6f6e5f 0 67676572 0 5f747269 0 656e6365 0 73657175 0 6572745f 0 5f617373 0 72742e61 0 61737365 0 6f766c5f 
_C_1c94_55b1ec99_118 8c 0 260 0 0 52545f50 0 41535345 0 515f4445 0 455f5245 0 5348414b 0 48414e44 0 4552545f 0 5f415353 0 72742e41 0 61737365 0 715f6465 0 655f7265 0 7368616b 0 68616e64 0 6572745f 0 5f617373 0 72742e61 0 61737365 0 6f766c5f 
_C_1c94_55b1ec99_e3 84 0 280 0 0 656e6365 0 73657175 0 20696e20 0 656e7473 0 65206576 0 66207468 0 7374206f 0 65207265 0 79207468 0 65642062 0 6c6c6f77 0 7420666f 0 73206e6f 0 69742069 0 62757420 0 72656420 0 6f636375 0 656e7420 0 74206576 0 46697273 
_C_1c94_55b1ec99_162 8c 0 1f0 0 0 52545f50 0 5f535441 0 525f4f4e 0 455f4552 0 5f54494d 0 53455254 0 415f4153 0 6172742e 0 775f7374 0 6e5f6e65 0 6f725f6f 0 5f657272 0 2e6f766c 0 73657274 0 6c5f6173 0 6f76 
_C_1c94_55b1ec99_92 84 0 140 0 0 6865636b 0 76616c63 0 6c6f2032 0 6d6f6475 0 6d61782d 0 6c746120 0 6465 0 0 0 0 0 0 
_C_1c94_55b1ec99_fb 80 0 1 0 1 
_C_2a58_55b1f60e_1 80 0 1 0 0 
_C_1c94_55b1ec99_2a 8c 0 1c0 0 0 4e545f50 0 5f455645 0 4d504c45 0 4e5f5341 0 585a5f4f 0 4154455f 0 545f5354 0 5343454e 0 51554945 0 4552545f 0 5f415353 0 72742e41 0 61737365 0 6f766c5f 
_C_1c94_55b1ec99_152 8c 0 f0 0 0 68696768 0 20626520 0 6f756c64 0 72207368 0 5f657870 0 74657374 0 705f315f 0 7072 
_C_1c94_55b1ec99_11 8c 0 108 0 0 54595f50 0 50415249 0 56454e5f 0 52545f45 0 41535345 0 742e415f 0 73736572 0 766c5f61 0 6f 
_C_1c94_55b1ec99_1 8c 0 8 0 0 0 
_C_23b7_55b1ef07_6 8c 0 150 0 0 68696768 0 746c7920 0 616e656e 0 7065726d 0 20626520 0 6f756c64 0 72207368 0 5f657870 0 74657374 0 775f335f 0 616c 
_C_1c94_55b1ec99_128 8c 0 60 0 0 45564552 0 52545f4e 0 41535345 
_C_1c94_55b1ec99_8f 84 0 140 0 0 52524f52 0 6c3a2045 0 20466169 0 32 0 0 0 0 0 0 0 0 0 0 0 0 
_C_1c94_55b1ec99_ab 8c 0 150 0 0 68696768 0 746c7920 0 616e656e 0 7065726d 0 20626520 0 6f756c64 0 72207368 0 5f657870 0 74657374 0 655f315f 0 616f 
_C_1c94_55b1ec99_78 84 0 140 0 0 52524f52 0 6c3a2045 0 20466169 0 33 0 0 0 0 0 0 0 0 0 0 0 0 
_C_1c94_55b1ec99_9a 84 0 140 0 0 6865636b 0 616c2d63 0 65203276 0 73746174 0 656e745f 0 69657363 0 7175 0 0 0 0 0 0 
_C_1c94_55b1ec99_64 84 0 140 0 0 52524f52 0 6c3a2045 0 20466169 0 31 0 0 0 0 0 0 0 0 0 0 0 0 
_C_1c94_55b1ec99_a6 84 0 140 0 0 6865636b 0 616c2d63 0 64203276 0 742d656e 0 67652061 0 6368616e 0 6e5f756e 0 7769 0 0 0 0 
_C_1c94_55b1ec99_c9 8c 0 160 0 0 50525f50 0 545f4558 0 5f544553 0 5a5f4f4e 0 47455f58 0 4348414e 0 4552545f 0 5f415353 0 72742e41 0 61737365 0 6f766c5f 
_C_1c94_55b1ec99_54 84 0 1e0 0 0 6f72205a 0 73205820 0 7461696e 0 20636f6e 0 76656e74 0 6e645f65 0 65 0 0 0 0 0 0 0 0 0 0 0 0 0 0 0 0 
_C_1c94_55b1ec99_ef 8c 0 158 0 0 50525f50 0 545f4558 0 5f544553 0 5a5f4f4e 0 54415f58 0 5f44454c 0 53455254 0 415f4153 0 6572742e 0 5f617373 0 6f766c 
_C_1c94_55b1ec99_f5 8c 0 158 0 0 53485f50 0 4e5f5055 0 585a5f4f 0 4445585f 0 4f5f494e 0 5f464946 0 53455254 0 415f4153 0 6572742e 0 5f617373 0 6f766c 
_C_1c94_55b1ec99_70 84 0 140 0 0 6865636b 0 20582d63 0 6e6f776e 0 5f756e6b 0 65766572 0 6e 0 0 0 0 0 0 0 0 
_C_1c94_55b1ec99_a1 84 0 140 0 0 6865636b 0 616c2d63 0 68203276 0 77696474 0 0 0 0 0 0 0 0 0 0 0 0 
_C_1c94_55b1ec99_18 8c 0 a0 0 0 4e4f574e 0 5f554e4b 0 45564552 0 52545f4e 0 41535345 
_C_1c94_55b1ec99_85 84 0 140 0 0 616d6529 0 2d202873 0 73653a2d 0 31582c20 0 2074653a 0 65636b2c 0 582d6368 0 64676520 0 6f6e5f65 0 6179735f 
_C_1c94_55b1ec99_16b 8c 0 220 0 0 52545f50 0 5f535441 0 545f4f4e 0 52455345 0 4e47455f 0 4e434841 0 52545f55 0 41535345 0 742e415f 0 73746172 0 6e65775f 0 5f6f6e5f 0 65736574 0 766c5f72 0 72742e6f 0 61737365 0 6f766c5f 
_C_1c94_55b1ec99_3d 84 0 e0 0 0 414c5345 0 69732046 0 696f6e20 0 72657373 0 20657870 0 54657374 0 0 
_C_25a4_55b1f10e_2 84 0 20 0 0 0 
_C_25a4_55b1f10e_3 84 0 20 0 0 1 
_C_1c94_55b1ec99_84 84 0 140 0 0 6865636b 0 616c2d63 0 74203276 0 655f686f 0 6f5f6f6e 0 7a6572 0 0 0 0 0 0 0 0 
_C_1c94_55b1ec99_b4 8c 0 2e0 0 0 5f315f50 0 545f585a 0 4556454e 0 414d505f 0 47455f53 0 4f534544 0 47455f50 0 4e5f4544 0 59535f4f 0 414c5741 0 4552545f 0 5f415353 0 67652e41 0 6f736564 0 67655f70 0 6e5f6564 0 79735f6f 0 616c7761 0 6572745f 0 5f617373 0 72742e61 0 61737365 0 6f766c5f 
_C_1c94_55b1ec99_174 84 0 260 0 0 636c6573 0 73206379 0 6e5f636b 0 6d206d69 0 6e696d75 0 64206d69 0 69666965 0 73706563 0 68616e20 0 73732074 0 72206c65 0 4520666f 0 20545255 0 68656c64 0 77617320 0 696f6e20 0 72657373 0 20657870 0 54657374 
_C_1c94_55b1ec99_f3 8c 0 148 0 0 4f575f50 0 4552464c 0 585f4f56 0 494e4445 0 49464f5f 0 52545f46 0 41535345 0 742e415f 0 73736572 0 766c5f61 0 6f 
_C_1c94_55b1ec99_133 94 0 20 0 0 0 
_C_1c94_55b1ec99_67 84 0 140 0 0 733d5829 0 2c636f6e 0 74653d31 0 2028616e 0 6865636b 0 20582d63 0 74696f6e 0 6c696361 0 696d70 0 0 
_C_1c94_55b1ec99_9 94 0 20 0 0 1 
_C_1c94_55b1ec99_33 8c 0 e0 0 0 4f575f50 0 57494e44 0 4552545f 0 5f415353 0 72742e41 0 61737365 0 6f766c5f 
_C_1c94_55b1ec99_c 94 0 20 0 0 3 
_C_1c94_55b1ec99_f6 8c 0 150 0 0 4f505f50 0 4f4e5f50 0 5f585a5f 0 4e444558 0 464f5f49 0 545f4649 0 53534552 0 2e415f41 0 73657274 0 6c5f6173 0 6f76 
_C_1c94_55b1ec99_5b 84 0 140 0 0 6865636b 0 20582d63 0 74696f6e 0 706f7369 0 70726f 0 0 0 0 0 0 0 0 0 0 
_C_1c94_55b1ec99_3c 84 0 80 0 0 494e464f 0 4f564c5f 0 0 0 0 
_C_1c94_55b1ec99_d7 8c 0 280 0 0 53545f50 0 4e5f4d4f 0 45525f4f 0 52494747 0 43455f54 0 5155454e 0 545f5345 0 53534552 0 2e415f41 0 6d6f7374 0 5f6f6e5f 0 67676572 0 5f747269 0 656e6365 0 73657175 0 6572745f 0 5f617373 0 72742e61 0 61737365 0 6f766c5f 
_C_23b7_55b1ef07_2 8c 0 20 0 0 56322e38 
_C_1c94_55b1ec99_114 8c 0 1c8 0 0 45515f50 0 53545f52 0 5f464952 0 5f524551 0 484f5554 0 5f574954 0 5f41434b 0 48414b45 0 414e4453 0 52545f48 0 41535345 0 742e415f 0 73736572 0 766c5f61 0 6f 
_C_1c94_55b1ec99_104 8c 0 2e8 0 0 434b5f50 0 5f434845 0 5f4d4158 0 52414d45 0 52545f46 0 41535345 0 6b2e415f 0 63686563 0 6d61785f 0 616d655f 0 745f6672 0 73736572 0 2e615f61 0 74617274 0 65775f73 0 6f6e5f6e 0 726f725f 0 725f6572 0 72655f6f 0 69676e6f 0 742e615f 0 73736572 0 766c5f61 0 6f 
_C_1c94_55b1ec99_14d 8c 0 100 0 0 65686f74 0 65206f6e 0 6c642062 0 73686f75 0 78707220 0 73745f65 0 315f7465 0 6f68745f 
_C_1c94_55b1ec99_69 84 0 140 0 0 733d5829 0 2c636f6e 0 74653d58 0 2028616e 0 6865636b 0 20582d63 0 74696f6e 0 6c696361 0 696d70 0 0 
_C_1c94_55b1ec99_131 8c 0 258 0 0 50525f50 0 545f4558 0 5f544553 0 5a5f4f4e 0 58545f58 0 545f4e45 0 53534552 0 2e415f41 0 74657374 0 6f75745f 0 77697468 0 6172745f 0 745f7374 0 5f6e6578 0 73657274 0 615f6173 0 6572742e 0 5f617373 0 6f766c 
_C_23b7_55b1ef07_3 8c 0 1f0 0 0 3a20256d 0 79706520 0 74795f74 0 6f706572 0 72207072 0 6d657465 0 70617261 0 20696e20 0 75736564 0 696f6e20 0 206f7074 0 6567616c 0 20496c6c 0 524f523a 0 4c5f4552 0 4f56 
_C_1c94_55b1ec99_12d 8c 0 130 0 0 6f72205a 0 65205820 0 65722062 0 206e6576 0 6f756c64 0 72207368 0 5f657870 0 74657374 0 615f315f 0 6e75 
_C_1c94_55b1ec99_175 8c 0 1b0 0 0 636c6573 0 78206379 0 64206d61 0 6e20616e 0 6e206d69 0 74776565 0 64206265 0 20686f6c 0 6f756c64 0 72207368 0 5f657870 0 74657374 0 645f325f 0 7769 
_C_1c94_55b1ec99_171 8c 0 1b0 0 0 636c6573 0 78206379 0 64206d61 0 6e20616e 0 6e206d69 0 74776565 0 64206265 0 20686f6c 0 6f756c64 0 72207368 0 5f657870 0 74657374 0 645f315f 0 7769 
_C_1c94_55b1ec99_179 8c 0 1b0 0 0 636c6573 0 78206379 0 64206d61 0 6e20616e 0 6e206d69 0 74776565 0 64206265 0 20686f6c 0 6f756c64 0 72207368 0 5f657870 0 74657374 0 645f345f 0 7769 
_C_1c94_55b1ec99_24 8c 0 1a8 0 0 54455f50 0 5f535441 0 54415254 0 4f4e5f53 0 5f585a5f 0 54494f4e 0 414e5349 0 4f5f5452 0 52545f4e 0 41535345 0 742e415f 0 73736572 0 766c5f61 0 6f 
_C_1c94_55b1ec99_150 84 0 1e0 0 0 62697473 0 74656420 0 73736572 0 20312061 0 7468616e 0 65737320 0 6f72206c 0 6f726520 0 6e73206d 0 6e746169 0 6e20636f 0 7373696f 0 78707265 0 73742065 0 5465 
_C_1c94_55b1ec99_d4 84 0 260 0 0 76656e74 0 72742065 0 20737461 0 65206f66 0 72616e63 0 6f636375 0 2072652d 0 6567616c 0 496c6c 0 0 0 0 0 0 0 0 0 0 0 0 0 0 0 0 0 0 0 0 
_C_1c94_55b1ec99_1b 8c 0 88 0 0 52495459 0 445f5041 0 545f4f44 0 53534552 0 41 
_C_1c94_55b1ec99_79 84 0 140 0 0 6865636b 0 726f2d63 0 782f7a65 0 64206d61 0 5f636f6c 0 6f6e65 0 0 0 0 0 0 0 0 
_C_1c94_55b1ec99_186 8c 0 110 0 0 47455f50 0 4348414e 0 4e5f554e 0 545f5749 0 53534552 0 2e415f41 0 73657274 0 6c5f6173 0 6f76 
_C_1c94_55b1ec99_9c 84 0 140 0 0 6865636b 0 616c2d63 0 65203276 0 68616e67 0 63 0 0 0 0 0 0 0 0 0 0 
_C_1c94_55b1ec99_ca 8c 0 1b8 0 0 47455f50 0 4348414e 0 4552545f 0 5f415353 0 72742e41 0 5f737461 0 5f6e6577 0 745f6f6e 0 72657365 0 6f766c5f 0 6e6f745f 0 6572742e 0 5f617373 0 6f766c 
_C_1c94_55b1ec99_17a 8c 0 88 0 0 414e4745 0 4e5f4348 0 545f5749 0 53534552 0 41 
_C_1c94_55b1ec99_6e 84 0 140 0 0 6865636b 0 616c2d63 0 72203276 0 6e657665 0 0 0 0 0 0 0 0 0 0 0 0 
_C_1c94_55b1ec99_188 8c 0 190 0 0 50525f50 0 545f4558 0 5f544553 0 5a5f4f4e 0 47455f58 0 4348414e 0 4e5f554e 0 545f5749 0 53534552 0 2e415f41 0 73657274 0 6c5f6173 0 6f76 
_C_1c94_55b1ec99_184 8c 0 98 0 0 414e4745 0 554e4348 0 57494e5f 0 4552545f 0 415353 
_C_1c94_55b1ec99_30 8c 0 190 0 0 54455f50 0 5f535441 0 54415254 0 4f4e5f53 0 5f585a5f 0 54494f4e 0 414e5349 0 545f5452 0 53534552 0 2e415f41 0 73657274 0 6c5f6173 0 6f76 
_C_1c94_55b1ec99_21 8c 0 118 0 0 4f4e5f50 0 53495449 0 5452414e 0 5f4e4f5f 0 53455254 0 415f4153 0 6572742e 0 5f617373 0 6f766c 
_C_1c94_55b1ec99_18f 84 0 1a0 0 0 62697473 0 74656420 0 73736572 0 20312061 0 7468616e 0 6f726520 0 6e73206d 0 6e746169 0 6e20636f 0 7373696f 0 78707265 0 73742065 0 5465 
_C_1c94_55b1ec99_8c 84 0 140 0 0 6661696c 0 3320582d 0 0 0 0 0 0 0 0 0 0 0 0 0 0 0 0 
_C_1c94_55b1ec99_8e 84 0 140 0 0 6865636b 0 616c2d63 0 74203276 0 656d656e 0 64656372 0 0 0 0 0 0 0 0 0 0 
_C_1c94_55b1ec99_a 8c 0 2d0 0 0 3a20256d 0 25307420 0 696d6520 0 203a2074 0 53455254 0 4c5f4153 0 6f204f56 0 6e672074 0 65747469 0 652c2073 0 5f747970 0 65727479 0 70726f70 0 74657220 0 72616d65 0 6e207061 0 65642069 0 6e207573 0 7074696f 0 616c206f 0 6c6c6567 0 203a2049 0 2573 
_C_1c94_55b1ec99_7b 84 0 140 0 0 6865636b 0 616c2d63 0 74203276 0 655f686f 0 6f6e 0 0 0 0 0 0 0 0 0 0 
_C_1c94_55b1ec99_d2 8c 0 1d8 0 0 76656e74 0 72745f65 0 20737461 0 73206f66 0 6d5f636b 0 6e206e75 0 69746869 0 67652077 0 6368616e 0 756c6420 0 2073686f 0 65787072 0 6573745f 0 5f335f74 0 636867 
_C_1c94_55b1ec99_a8 84 0 140 0 0 454f5329 0 5220285f 0 4552524f 0 696c3a20 0 32206661 0 0 0 0 0 0 0 0 0 0 
_C_1c94_55b1ec99_7e 84 0 140 0 0 65203729 0 616e2062 0 6b202863 0 63686563 0 6520582d 0 72616e67 0 0 0 0 0 0 0 0 
_C_1c94_55b1ec99_7d 84 0 140 0 0 65203029 0 616e2062 0 6b202863 0 63686563 0 6520582d 0 72616e67 0 0 0 0 0 0 0 0 
_C_1c94_55b1ec99_da 8c 0 3a0 0 0 585a5f50 0 454e545f 0 545f4556 0 46495253 0 4e43315f 0 4e43305f 0 5f4f4e5f 0 47474552 0 5f545249 0 454e4345 0 53455155 0 4552545f 0 5f415353 0 787a2e41 0 656e745f 0 745f6576 0 66697273 0 6e63315f 0 6e63305f 0 5f6f6e5f 0 67676572 0 5f747269 0 656e6365 0 73657175 0 6572745f 0 5f617373 0 72742e61 0 61737365 0 6f766c5f 
_C_1c94_55b1ec99_13a 8c 0 1b0 0 0 76656e74 0 72745f65 0 20737461 0 66746572 0 6b732061 0 756d5f63 0 7572206e 0 206f6363 0 6f756c64 0 72207368 0 5f657870 0 74657374 0 745f335f 0 6e78 
_C_1c94_55b1ec99_4e 84 0 2a0 0 0 6f72205a 0 73205820 0 7461696e 0 20636f6e 0 74617465 0 78745f73 0 6e65 0 0 0 0 0 0 0 0 0 0 0 0 0 0 0 0 0 0 0 0 0 0 0 0 0 0 0 0 
_C_1c94_55b1ec99_a9 84 0 140 0 0 4154414c 0 6c3a2046 0 20666169 0 31 0 0 0 0 0 0 0 0 0 0 0 0 
_C_1c94_55b1ec99_db 8c 0 320 0 0 585a5f50 0 4e54535f 0 5f455645 0 4c415354 0 4e4f4e5f 0 4e43305f 0 5f4f4e5f 0 47474552 0 5f545249 0 454e4345 0 53455155 0 4552545f 0 5f415353 0 787a2e41 0 6e63305f 0 5f6f6e5f 0 67676572 0 5f747269 0 656e6365 0 73657175 0 6572745f 0 5f617373 0 72742e61 0 61737365 0 6f766c5f 
_C_1c94_55b1ec99_19 8c 0 130 0 0 6f72205a 0 65205820 0 65722062 0 206e6576 0 6f756c64 0 72207368 0 5f657870 0 74657374 0 6e5f315f 0 6e75 
_C_1c94_55b1ec99_58 84 0 140 0 0 653a3058 0 6b2c2074 0 63686563 0 6320582d 0 6173796e 0 6f776e5f 0 756e6b6e 0 7665725f 0 6e65 0 0 
_C_1c94_55b1ec99_89 84 0 140 0 0 653d2d2d 0 302c2073 0 74653d58 0 636b3a20 0 2d636865 0 67652058 0 6e5f6564 0 79735f6f 0 616c7761 0 0 
_C_1c94_55b1ec99_18c 8c 0 140 0 0 7a65726f 0 206f7220 0 65686f74 0 65206f6e 0 6c642062 0 73686f75 0 78707220 0 73745f65 0 315f7465 0 7a6f685f 
_C_1c94_55b1ec99_96 84 0 140 0 0 6865636b 0 616c2d63 0 78203276 0 77206d61 0 72666c6f 0 5f6f7665 0 6e6f 0 0 0 0 0 0 
_C_1c94_55b1ec99_17b 8c 0 1e8 0 0 76656e74 0 6e645f65 0 20262065 0 76656e74 0 72745f65 0 20737461 0 7765656e 0 20626574 0 616e6765 0 64206368 0 686f756c 0 70722073 0 745f6578 0 5f746573 0 63685f31 0 77 
_C_1c94_55b1ec99_11b 8c 0 130 0 0 585a5f50 0 41434b5f 0 414b455f 0 4e445348 0 545f4841 0 53534552 0 2e415f41 0 73657274 0 6c5f6173 0 6f76 
_C_1c94_55b1ec99_142 84 0 320 0 0 6f72205a 0 73205820 0 7461696e 0 20636f6e 0 65787072 0 6573745f 0 74 0 0 0 0 0 0 0 0 0 0 0 0 0 0 0 0 0 0 0 0 0 0 0 0 0 0 0 0 0 0 0 0 0 0 0 0 
_C_1c94_55b1ec99_10f 8c 0 1e8 0 0 52545f50 0 5f535441 0 525f4f4e 0 455f4552 0 4652414d 0 4552545f 0 5f415353 0 72742e41 0 5f737461 0 5f6e6577 0 725f6f6e 0 6572726f 0 742e615f 0 73736572 0 766c5f61 0 6f 
_C_1c94_55b1ec99_f8 84 0 c0 0 0 63746564 0 64657465 0 6c6f7720 0 64657266 0 6f20756e 0 466966 
_C_1c94_55b1ec99_2c 8c 0 1e0 0 0 74617465 0 78745f73 0 6f206e65 0 74652074 0 5f737461 0 74617274 0 6f6d2073 0 65206672 0 68616e67 0 6c642063 0 73686f75 0 78707220 0 73745f65 0 315f7465 0 74726e5f 
_C_1c94_55b1ec99_42 84 0 120 0 0 6f72205a 0 73205820 0 7461696e 0 20636f6e 0 65787072 0 656e745f 0 65636564 0 616e74 0 0 
_C_1c94_55b1ec99_153 8c 0 60 0 0 414e4745 0 52545f52 0 41535345 
_C_1c94_55b1ec99_3f 84 0 160 0 0 72697479 0 6e207061 0 20657665 0 69626974 0 20657868 0 206e6f74 0 646f6573 0 696f6e20 0 72657373 0 20657870 0 54657374 
_C_1c94_55b1ec99_dc 84 0 2c0 0 0 656e6365 0 73657175 0 20696e20 0 76656e74 0 73742065 0 65206c61 0 79207468 0 65642062 0 6c6c6f77 0 7420666f 0 65206e6f 0 79206172 0 20746865 0 20627574 0 75726564 0 206f6363 0 656e7473 0 31206576 0 636b732d 0 6e756d5f 0 72737420 0 4669 
_C_1c94_55b1ec99_bf 84 0 1c0 0 0 72205a20 0 2058206f 0 61696e73 0 636f6e74 0 656e7420 0 675f6576 0 706c696e 0 2073616d 0 0 0 0 0 0 0 0 0 0 0 0 
_C_1c94_55b1ec99_124 8c 0 80 0 0 4d454e54 0 4e435245 0 52545f49 0 41535345 
_C_1c94_55b1ec99_eb 84 0 1e0 0 0 66696564 0 70656369 0 616e2073 0 72207468 0 6f746865 0 6c756520 0 61207661 0 20627920 0 61736564 0 65637265 0 69732064 0 696f6e20 0 72657373 0 20657870 0 54657374 
_C_1c94_55b1ec99_10a 8c 0 3c0 0 0 61727429 0 77207374 0 6e206e65 0 6574206f 0 28726573 0 656e7420 0 745f6576 0 73746172 0 6d5f345f 0 72206672 0 61667465 0 6c657320 0 20637963 0 696e2037 0 77697468 0 6f6c6420 0 73742068 0 74206d75 0 73206275 0 79636c65 0 20332063 0 666f7265 0 64206265 0 20686f6c 0 206e6f74 0 6d757374 0 78707220 0 73745f65 0 345f7465 0 66726d5f 
_C_1c94_55b1ec99_15 8c 0 108 0 0 4f4e5f50 0 43415449 0 4d504c49 0 52545f49 0 41535345 0 742e415f 0 73736572 0 766c5f61 0 6f 
_C_1c94_55b1ec99_5c 84 0 140 0 0 6865636b 0 616c2063 0 20322d76 0 74696f6e 0 706f7369 0 70726f 0 0 0 0 0 0 0 0 
_C_1c94_55b1ec99_11e 84 0 340 0 0 75657374 0 20726571 0 66726f6d 0 6c657320 0 20637963 0 79636c65 0 636b5f63 0 61785f61 0 756d206d 0 6178696d 0 6564206d 0 63696669 0 20737065 0 7468696e 0 64207769 0 65727465 0 20617373 0 206e6f74 0 65206973 0 6c656467 0 6b6e6f77 0 4163 0 0 0 0 0 0 0 0 
_C_1c94_55b1ec99_163 84 0 280 0 0 6e646f77 0 74207769 0 7272656e 0 66206375 0 6f6e206f 0 6c657469 0 636f6d70 0 6f726520 0 20626566 0 75726564 0 656f6363 0 61732072 0 63682068 0 20776869 0 76656e74 0 72742065 0 20737461 0 6567616c 0 496c6c 0 0 
_C_1c94_55b1ec99_10c 8c 0 388 0 0 434b5f50 0 5f434845 0 5f4d4158 0 54415254 0 4f4e5f53 0 5345545f 0 455f5245 0 4652414d 0 4552545f 0 5f415353 0 636b2e41 0 5f636865 0 5f6d6178 0 74617274 0 6f6e5f73 0 7365745f 0 655f7265 0 6672616d 0 6572745f 0 5f617373 0 72742e61 0 5f737461 0 5f6e6577 0 745f6f6e 0 72657365 0 742e615f 0 73736572 0 766c5f61 0 6f 
_C_1c94_55b1ec99_10b 8c 0 388 0 0 434b5f50 0 5f434845 0 5f4d494e 0 54415254 0 4f4e5f53 0 5345545f 0 455f5245 0 4652414d 0 4552545f 0 5f415353 0 636b2e41 0 5f636865 0 5f6d696e 0 74617274 0 6f6e5f73 0 7365745f 0 655f7265 0 6672616d 0 6572745f 0 5f617373 0 72742e61 0 5f737461 0 5f6e6577 0 745f6f6e 0 72657365 0 742e615f 0 73736572 0 766c5f61 0 6f 
_C_1c94_55b1ec99_12a 8c 0 f0 0 0 585a5f50 0 5645525f 0 545f4e45 0 53534552 0 2e415f41 0 73657274 0 6c5f6173 0 6f76 
_C_1c94_55b1ec99_d8 8c 0 308 0 0 585a5f50 0 545f315f 0 4556454e 0 4153545f 0 43305f4c 0 4f4e5f4e 0 4745525f 0 54524947 0 4e43455f 0 45515545 0 52545f53 0 41535345 0 7a2e415f 0 63305f78 0 6f6e5f6e 0 6765725f 0 74726967 0 6e63655f 0 65717565 0 72745f73 0 61737365 0 742e615f 0 73736572 0 766c5f61 0 6f 
_C_1c94_55b1ec99_b3 8c 0 2e0 0 0 585a5f50 0 545f305f 0 4556454e 0 414d505f 0 47455f53 0 4f534544 0 47455f50 0 4e5f4544 0 59535f4f 0 414c5741 0 4552545f 0 5f415353 0 67652e41 0 6f736564 0 67655f70 0 6e5f6564 0 79735f6f 0 616c7761 0 6572745f 0 5f617373 0 72742e61 0 61737365 0 6f766c5f 
_C_1c94_55b1ec99_99 84 0 140 0 0 6865636b 0 616c2d63 0 78203276 0 77206d61 0 72666c6f 0 756e6465 0 6e6f5f 0 0 0 0 0 0 
_C_1c94_55b1ec99_156 8c 0 158 0 0 50525f50 0 545f4558 0 5f544553 0 5a5f4f4e 0 47455f58 0 5f52414e 0 53455254 0 415f4153 0 6572742e 0 5f617373 0 6f766c 
_C_1c94_55b1ec99_90 84 0 140 0 0 6865636b 0 76616c63 0 696e2032 0 7461206d 0 64656c 0 0 0 0 0 0 0 0 0 0 
_C_1c94_55b1ec99_80 84 0 140 0 0 65726521 0 72652068 0 54206669 0 64204e4f 0 686f756c 0 2a3a2073 0 2a425547 0 0 0 0 0 0 
_C_1c94_55b1ec99_134 84 0 280 0 0 76656e74 0 72742065 0 20737461 0 66726f6d 0 6c657320 0 20637963 0 5f636b73 0 206e756d 0 65206f66 0 6c617073 0 65722065 0 20616674 0 72746564 0 61737365 0 6e6f7420 0 20697320 0 73696f6e 0 70726573 0 74206578 0 546573 
_C_1c94_55b1ec99_d3 8c 0 200 0 0 52545f50 0 5f535441 0 525f4f4e 0 455f4552 0 48414e47 0 52545f43 0 41535345 0 742e415f 0 73746172 0 6e65775f 0 5f6f6e5f 0 72726f72 0 766c5f65 0 72742e6f 0 61737365 0 6f766c5f 
_C_1c94_55b1ec99_46 84 0 2e0 0 0 6f72205a 0 73205820 0 7461696e 0 20636f6e 0 74617465 0 78745f73 0 6e65 0 0 0 0 0 0 0 0 0 0 0 0 0 0 0 0 0 0 0 0 0 0 0 0 0 0 0 0 0 0 0 0 
_C_1c94_55b1ec99_126 8c 0 178 0 0 50525f50 0 545f4558 0 5f544553 0 5a5f4f4e 0 4e545f58 0 52454d45 0 5f494e43 0 53455254 0 415f4153 0 6572742e 0 5f617373 0 6f766c 
_C_1c94_55b1ec99_100 8c 0 220 0 0 434b5f50 0 5f434845 0 4e5f585a 0 455f4d49 0 4652414d 0 4552545f 0 5f415353 0 636b2e41 0 5f636865 0 6e5f787a 0 655f6d69 0 6672616d 0 6572745f 0 5f617373 0 72742e61 0 61737365 0 6f766c5f 
_C_1c94_55b1ec99_88 84 0 140 0 0 52524f52 0 6c3a2045 0 2d666169 0 342058 0 0 0 0 0 0 0 0 0 0 0 0 
_C_1c94_55b1ec99_4c 84 0 260 0 0 6f72205a 0 73205820 0 7461696e 0 20636f6e 0 76656e74 0 6c655f65 0 73616d70 0 0 0 0 0 0 0 0 0 0 0 0 0 0 0 0 0 0 0 0 0 0 0 0 
_C_1c94_55b1ec99_f 8c 0 90 0 0 52495459 0 4e5f5041 0 5f455645 0 53455254 0 4153 
_C_1c94_55b1ec99_138 8c 0 2f8 0 0 41505f50 0 5645524c 0 4e4f5f4f 0 4558545f 0 52545f4e 0 41535345 0 702e415f 0 65726c61 0 6f5f6f76 0 78745f6e 0 745f6e65 0 73736572 0 2e615f61 0 74657374 0 6f75745f 0 77697468 0 6172745f 0 745f7374 0 5f6e6578 0 73657274 0 615f6173 0 6572742e 0 5f617373 0 6f766c 
_C_1c94_55b1ec99_110 84 0 2e0 0 0 6e646f77 0 74207769 0 7272656e 0 66206375 0 6f6e206f 0 6c657469 0 636f6d70 0 6f726520 0 20626566 0 75726564 0 656f6363 0 61732072 0 63682068 0 20776869 0 76656e74 0 72742065 0 20737461 0 6567616c 0 496c6c 0 0 0 0 0 0 0 0 
_C_1c94_55b1ec99_116 8c 0 270 0 0 4c455f50 0 5f435943 0 5f4d4158 0 5f41434b 0 48414b45 0 414e4453 0 52545f48 0 41535345 0 652e415f 0 6379636c 0 6d61785f 0 61636b5f 0 616b655f 0 6e647368 0 745f6861 0 73736572 0 2e615f61 0 73657274 0 6c5f6173 0 6f76 
_C_1c94_55b1ec99_160 8c 0 230 0 0 52545f50 0 5f535441 0 5f4e4557 0 5a5f4f4e 0 4d455f58 0 545f5449 0 53534552 0 2e415f41 0 74617274 0 65775f73 0 6f6e5f6e 0 6f72655f 0 5f69676e 0 5f6f766c 0 2e6e6f74 0 73657274 0 6c5f6173 0 6f76 
_C_1c94_55b1ec99_11f 84 0 340 0 0 636c6573 0 68206379 0 656e6774 0 61785f6c 0 636b5f6d 0 756d2061 0 6178696d 0 6564206d 0 63696669 0 20737065 0 61746573 0 76696f6c 0 64676520 0 6f776c65 0 61636b6e 0 206f6620 0 74617465 0 65642073 0 73657274 0 73206173 0 6e756f75 0 6f6e7469 0 6f662063 0 696f6e20 0 75726174 0 44 
_C_1c94_55b1ec99_bc 8c 0 2e0 0 0 5f305f50 0 545f585a 0 4556454e 0 414d505f 0 47455f53 0 45474544 0 47455f4e 0 4e5f4544 0 59535f4f 0 414c5741 0 4552545f 0 5f415353 0 67652e41 0 65676564 0 67655f6e 0 6e5f6564 0 79735f6f 0 616c7761 0 6572745f 0 5f617373 0 72742e61 0 61737365 0 6f766c5f 
_C_1c94_55b1ec99_4d 84 0 2a0 0 0 74617465 0 78745f73 0 6e206e65 0 20746861 0 74686572 0 7565206f 0 2076616c 0 746f2061 0 61746520 0 745f7374 0 73746172 0 6c756520 0 6d207661 0 2066726f 0 6f6e6564 0 73697469 0 7472616e 0 696f6e20 0 72657373 0 20657870 0 54657374 
_C_1c94_55b1ec99_7a 84 0 140 0 0 6865636b 0 20582d63 0 5f686f74 0 6f6e65 0 0 0 0 0 0 0 0 0 0 0 0 
_C_1c94_55b1ec99_c6 8c 0 68 0 0 414e4745 0 545f4348 0 53534552 0 41 
_C_1c94_55b1ec99_7 8c 0 68 0 0 57415953 0 545f414c 0 53534552 0 41 
_C_1c94_55b1ec99_157 84 0 2e0 0 0 206d6178 0 20616e64 0 206d696e 0 74657273 0 72616d65 0 79207061 0 65642062 0 63696669 0 20737065 0 616e6765 0 68652072 0 64652074 0 75747369 0 7565206f 0 2076616c 0 746f2061 0 74657320 0 616c7561 0 6e206576 0 7373696f 0 78707265 0 73742065 0 5465 
_C_1c94_55b1ec99_2e 8c 0 188 0 0 54455f50 0 5f535441 0 4e455854 0 5f4f4e5f 0 4e5f585a 0 4954494f 0 52414e53 0 52545f54 0 41535345 0 742e415f 0 73736572 0 766c5f61 0 6f 
_C_1c94_55b1ec99_55 84 0 140 0 0 73205829 0 676e616c 0 72207369 0 6f746865 0 4f6e2028 0 73657420 0 5265 0 0 0 0 0 0 
_C_1c94_55b1ec99_6a 84 0 140 0 0 38303329 0 69732031 0 4d616e74 0 20312028 0 6f6e6c79 0 55472a20 0 52202a42 0 4552524f 0 696c3a20 0 582d6661 
_C_1c94_55b1ec99_e1 8c 0 290 0 0 53545f50 0 5f464952 0 525f4f4e 0 49474745 0 455f5452 0 55454e43 0 5f534551 0 53455254 0 415f4153 0 7273742e 0 6e5f6669 0 65725f6f 0 72696767 0 63655f74 0 7175656e 0 745f7365 0 73736572 0 2e615f61 0 73657274 0 6c5f6173 0 6f76 
_C_1c94_55b1ec99_ff 8c 0 2e8 0 0 434b5f50 0 5f434845 0 5f4d494e 0 52414d45 0 52545f46 0 41535345 0 6b2e415f 0 63686563 0 6d696e5f 0 616d655f 0 745f6672 0 73736572 0 2e615f61 0 74617274 0 65775f73 0 6f6e5f6e 0 726f725f 0 725f6572 0 72655f6f 0 69676e6f 0 742e615f 0 73736572 0 766c5f61 0 6f 
_C_1c94_55b1ec99_c0 8c 0 150 0 0 65646765 0 616e7920 0 206f6e20 0 68696768 0 20626520 0 6f756c64 0 72207368 0 5f657870 0 74657374 0 655f345f 0 616f 
_C_1c94_55b1ec99_132 8c 0 268 0 0 4e545f50 0 5f455645 0 54415254 0 4f4e5f53 0 5f585a5f 0 4e455854 0 4552545f 0 5f415353 0 73742e41 0 745f7465 0 74686f75 0 745f7769 0 73746172 0 6578745f 0 72745f6e 0 61737365 0 742e615f 0 73736572 0 766c5f61 0 6f 
_C_1c94_55b1ec99_136 84 0 280 0 0 6f72205a 0 73205820 0 7461696e 0 20636f6e 0 76656e74 0 72745f65 0 737461 0 0 0 0 0 0 0 0 0 0 0 0 0 0 0 0 0 0 0 0 0 0 0 0 0 0 
_C_1c94_55b1ec99_26 8c 0 250 0 0 76656e74 0 6c655f65 0 73616d70 0 206f6620 0 65646765 0 696e672d 0 20726973 0 6f6e2061 0 6c756520 0 6b5f7661 0 63686563 0 75616c20 0 64206571 0 686f756c 0 70722073 0 655f6578 0 73746174 0 745f315f 0 7173 
_C_1c94_55b1ec99_122 84 0 340 0 0 6f72205a 0 73205820 0 7461696e 0 20636f6e 0 726571 0 0 0 0 0 0 0 0 0 0 0 0 0 0 0 0 0 0 0 0 0 0 0 0 0 0 0 0 0 0 0 0 0 0 0 0 0 0 0 0 0 0 
_C_1c94_55b1ec99_130 8c 0 270 0 0 53545f50 0 545f5445 0 54484f55 0 545f5749 0 53544152 0 4558545f 0 52545f4e 0 41535345 0 742e415f 0 5f746573 0 686f7574 0 5f776974 0 74617274 0 78745f73 0 745f6e65 0 73736572 0 2e615f61 0 73657274 0 6c5f6173 0 6f76 
_C_1c94_55b1ec99_8a 84 0 140 0 0 44474529 0 284e4f45 0 524f5220 0 3a204552 0 4661696c 0 3120 0 0 0 0 0 0 0 0 
_C_1c94_55b1ec99_1f 8c 0 a0 0 0 54494f4e 0 414e5349 0 4f5f5452 0 52545f4e 0 41535345 
_C_1c94_55b1ec99_3b 84 0 80 0 0 4e494e47 0 5f574152 0 4f564c 0 0 
_C_1c94_55b1ec99_129 8c 0 d8 0 0 45525f50 0 5f4e4556 0 53455254 0 415f4153 0 6572742e 0 5f617373 0 6f766c 
_C_1c94_55b1ec99_e 8c 0 150 0 0 68696768 0 746c7920 0 616e656e 0 7065726d 0 20626520 0 6f756c64 0 72207368 0 5f657870 0 74657374 0 775f345f 0 616c 
_C_1c94_55b1ec99_8 8c 0 150 0 0 68696768 0 746c7920 0 616e656e 0 7065726d 0 20626520 0 6f756c64 0 72207368 0 5f657870 0 74657374 0 775f315f 0 616c 
_C_1c94_55b1ec99_20 8c 0 200 0 0 74617465 0 78745f73 0 6f206e65 0 74652074 0 5f737461 0 74617274 0 6f6d2073 0 65206672 0 68616e67 0 6f742063 0 6c64206e 0 73686f75 0 78707220 0 73745f65 0 315f7465 0 6e6f745f 
_C_1c94_55b1ec99_f9 84 0 c0 0 0 6f72205a 0 73205820 0 7461696e 0 20636f6e 0 70757368 0 0 
_C_1c94_55b1ec99_106 84 0 2a0 0 0 6f72205a 0 73205820 0 7461696e 0 20636f6e 0 76656e74 0 72745f65 0 737461 0 0 0 0 0 0 0 0 0 0 0 0 0 0 0 0 0 0 0 0 0 0 0 0 0 0 0 0 
_C_1c94_55b1ec99_125 8c 0 f8 0 0 4e545f50 0 52454d45 0 5f494e43 0 53455254 0 415f4153 0 6572742e 0 5f617373 0 6f766c 
_C_1c94_55b1ec99_b5 8c 0 2a8 0 0 585a5f50 0 5f585a5f 0 56454e54 0 4d505f45 0 455f5341 0 5f454447 0 535f4f4e 0 4c574159 0 52545f41 0 41535345 0 652e415f 0 73656467 0 655f706f 0 5f656467 0 735f6f6e 0 6c776179 0 72745f61 0 61737365 0 742e615f 0 73736572 0 766c5f61 0 6f 
_C_1c94_55b1ec99_d0 8c 0 208 0 0 52545f50 0 5f535441 0 5f4e4557 0 5a5f4f4e 0 47455f58 0 4348414e 0 4552545f 0 5f415353 0 72742e41 0 5f737461 0 5f6e6577 0 6e6f7265 0 6c5f6967 0 742e6f76 0 73736572 0 766c5f61 0 6f 
_C_1c94_55b1ec99_180 84 0 200 0 0 6f736564 0 7320636c 0 6f772069 0 77696e64 0 6f726520 0 20626566 0 616c7565 0 65642076 0 68616e67 0 6f742063 0 6173206e 0 6f6e2068 0 65737369 0 65787072 0 65737420 0 54 
_C_1c94_55b1ec99_2b 8c 0 88 0 0 54494f4e 0 414e5349 0 545f5452 0 53534552 0 41 
_C_1c94_55b1ec99_51 84 0 1e0 0 0 6e646f77 0 74207769 0 6576656e 0 70656e20 0 616e206f 0 696e6720 0 20647572 0 616c7565 0 65642076 0 68616e67 0 6f6e2063 0 65737369 0 65787072 0 65737420 0 54 
_C_1c94_55b1ec99_ee 8c 0 d8 0 0 54415f50 0 5f44454c 0 53455254 0 415f4153 0 6572742e 0 5f617373 0 6f766c 
_C_1c94_55b1ec99_15d 84 0 280 0 0 76656e74 0 72745f65 0 20737461 0 20746865 0 66726f6d 0 6c657320 0 20637963 0 5f636b73 0 206e756d 0 66696564 0 70656369 0 696e2073 0 77697468 0 52554520 0 6f742054 0 6973206e 0 696f6e20 0 72657373 0 20657870 0 54657374 
_C_1c94_55b1ec99_164 8c 0 78 0 0 414e4745 0 554e4348 0 4552545f 0 415353 
_C_1c94_55b1ec99_fa 84 0 c0 0 0 6f72205a 0 73205820 0 7461696e 0 20636f6e 0 706f70 0 0 
_C_1c94_55b1ec99_59 84 0 140 0 0 52524f52 0 6c3a2045 0 2d666169 0 312058 0 0 0 0 0 0 0 0 0 0 0 0 
_C_1c94_55b1ec99_ce 8c 0 1d8 0 0 76656e74 0 72745f65 0 20737461 0 73206f66 0 6d5f636b 0 6e206e75 0 69746869 0 67652077 0 6368616e 0 756c6420 0 2073686f 0 65787072 0 6573745f 0 5f325f74 0 636867 
_C_1c94_55b1ec99_10e 8c 0 3c0 0 0 61727429 0 77207374 0 6e206e65 0 6f72206f 0 28657272 0 656e7420 0 745f6576 0 73746172 0 6d5f355f 0 72206672 0 61667465 0 6c657320 0 20637963 0 696e2037 0 77697468 0 6f6c6420 0 73742068 0 74206d75 0 73206275 0 79636c65 0 20332063 0 666f7265 0 64206265 0 20686f6c 0 206e6f74 0 6d757374 0 78707220 0 73745f65 0 355f7465 0 66726d5f 
_C_1c94_55b1ec99_12c 8c 0 d0 0 0 53594e43 0 574e5f41 0 4e4b4e4f 0 45525f55 0 5f4e4556 0 53455254 0 4153 
_C_1c94_55b1ec99_148 8c 0 78 0 0 434f4c44 0 4f4e455f 0 4552545f 0 415353 
_C_1c94_55b1ec99_17d 8c 0 190 0 0 4e545f50 0 5f455645 0 54415254 0 4f4e5f53 0 5f585a5f 0 414e4745 0 4e5f4348 0 545f5749 0 53534552 0 2e415f41 0 73657274 0 6c5f6173 0 6f76 
_C_1c94_55b1ec99_b8 8c 0 148 0 0 65646765 0 206e6567 0 68206f6e 0 20686967 0 64206265 0 686f756c 0 70722073 0 745f6578 0 5f746573 0 6f655f33 0 61 
_C_1c94_55b1ec99_18d 8c 0 110 0 0 4f545f50 0 4e455f48 0 524f5f4f 0 545f5a45 0 53534552 0 2e415f41 0 73657274 0 6c5f6173 0 6f76 
_C_1c94_55b1ec99_8d 84 0 140 0 0 65726521 0 72652068 0 54206669 0 64204e4f 0 686f756c 0 2f342073 0 5f322f33 0 20616f65 0 55472a3a 0 2a42 
_C_1c94_55b1ec99_112 8c 0 110 0 0 6f636f6c 0 70726f74 0 62657920 0 6c64206f 0 73686f75 0 61636b20 0 7265712f 0 645f315f 0 686e 
_C_1c94_55b1ec99_120 84 0 340 0 0 636c6573 0 74206379 0 636f756e 0 6572745f 0 65617373 0 65642064 0 63696669 0 20737065 0 61746573 0 76696f6c 0 65737420 0 72657175 0 206f6620 0 74617465 0 65642073 0 73657274 0 73206173 0 6e756f75 0 6f6e7469 0 6f662063 0 696f6e20 0 75726174 0 44 0 0 0 0 0 0 
_C_1c94_55b1ec99_17f 8c 0 180 0 0 4e545f50 0 5f455645 0 5f454e44 0 5a5f4f4e 0 47455f58 0 4348414e 0 57494e5f 0 4552545f 0 5f415353 0 72742e41 0 61737365 0 6f766c5f 
_C_1c94_55b1ec99_13 8c 0 90 0 0 54494f4e 0 4c494341 0 5f494d50 0 53455254 0 4153 
_C_1c94_55b1ec99_a7 84 0 140 0 0 31276231 0 6f6e653d 0 6f6e5f64 0 6c617469 0 73696d75 0 0 0 0 0 0 0 0 0 0 
_C_1c94_55b1ec99_11c 84 0 340 0 0 64676564 0 6f776c65 0 61636b6e 0 20697320 0 75657374 0 20726571 0 696f7573 0 70726576 0 6f726520 0 20626566 0 69766573 0 20617272 0 75657374 0 20726571 0 4e6577 0 0 0 0 0 0 0 0 0 0 0 0 0 0 0 0 0 0 0 0 0 0 
_C_1c94_55b1ec99_74 84 0 140 0 0 6865636b 0 616c2d63 0 79203276 0 61726974 0 64645f70 0 6f 0 0 0 0 0 0 0 0 
_C_1c94_55b1ec99_13c 84 0 280 0 0 76656e74 0 72745f65 0 20737461 0 64696e67 0 73706f6e 0 6f727265 0 20612063 0 686f7574 0 20776974 0 74656420 0 73736572 0 69732061 0 736f6e20 0 70726573 0 74206578 0 546573 0 0 0 0 0 0 0 0 
_C_2c5f_55b1f6d8_1 8c 0 48 0 0 2e767064 0 756d7032 0 64 
_C_1c94_55b1ec99_12b 84 0 e0 0 0 414c5345 0 6f742046 0 6973206e 0 696f6e20 0 72657373 0 20657870 0 54657374 
_C_1c94_55b1ec99_145 8c 0 110 0 0 4f575f50 0 4552464c 0 5f554e44 0 545f4e4f 0 53534552 0 2e415f41 0 73657274 0 6c5f6173 0 6f76 
_C_1c94_55b1ec99_e8 8c 0 80 0 0 4d454e54 0 45435245 0 52545f44 0 41535345 
_C_1c94_55b1ec99_15f 8c 0 200 0 0 52545f50 0 5f535441 0 545f4f4e 0 52455345 0 494d455f 0 52545f54 0 41535345 0 742e415f 0 73746172 0 6e65775f 0 5f6f6e5f 0 65736574 0 766c5f72 0 72742e6f 0 61737365 0 6f766c5f 
_C_1c94_55b1ec99_158 8c 0 58 0 0 54494d45 0 4552545f 0 415353 
_C_1c94_55b1ec99_6c 84 0 140 0 0 6865636b 0 20582d63 0 65766572 0 6e 0 0 0 0 0 0 0 0 0 0 0 0 
_C_1c94_55b1ec99_147 84 0 320 0 0 206d6178 0 3120746f 0 6d696e2d 0 6e676520 0 65207261 0 6e207468 0 75652069 0 2076616c 0 746f2061 0 6d696e20 0 6c756520 0 6d207661 0 6e696d75 0 64206d69 0 6c6f7765 0 6d20616c 0 2066726f 0 616c7565 0 65642076 0 68616e67 0 6f6e2063 0 65737369 0 65787072 0 65737420 0 54 
_C_1c94_55b1ec99_81 84 0 140 0 0 6865636b 0 696e2d63 0 6765206d 0 72616e 0 0 0 0 0 0 0 0 0 0 0 0 
_C_1c94_55b1ec99_176 8c 0 1f0 0 0 434b5f50 0 5f434845 0 5f4d4158 0 49445448 0 52545f57 0 41535345 0 6b2e415f 0 63686563 0 6d61785f 0 6474685f 0 745f7769 0 73736572 0 2e615f61 0 73657274 0 6c5f6173 0 6f76 
_C_1c94_55b1ec99_16f 84 0 260 0 0 6e646f77 0 74207769 0 7272656e 0 66206375 0 6f6e206f 0 6c657469 0 636f6d70 0 6f726520 0 20626566 0 75726564 0 656f6363 0 61732072 0 63682068 0 20776869 0 76656e74 0 72742065 0 20737461 0 6567616c 0 496c6c 
_C_1c94_55b1ec99_13e 8c 0 118 0 0 666c6f77 0 6f766572 0 6e6f7420 0 756c6420 0 2073686f 0 65787072 0 6573745f 0 5f315f74 0 6e6f6f 
_C_1c94_55b1ec99_101 84 0 2e0 0 0 6f72205a 0 73205820 0 7461696e 0 20636f6e 0 76656e74 0 72745f65 0 737461 0 0 0 0 0 0 0 0 0 0 0 0 0 0 0 0 0 0 0 0 0 0 0 0 0 0 0 0 0 0 0 0 
_C_1c94_55b1ec99_3e 84 0 e0 0 0 6f72205a 0 73205820 0 7461696e 0 20636f6e 0 65787072 0 6573745f 0 74 
_C_1c94_55b1ec99_d5 8c 0 a8 0 0 454e4345 0 53455155 0 434c455f 0 545f4359 0 53534552 0 41 
_C_1c94_55b1ec99_fc 8c 0 60 0 0 52414d45 0 52545f46 0 41535345 
_C_1c94_55b1ec99_11a 8c 0 130 0 0 585a5f50 0 5245515f 0 414b455f 0 4e445348 0 545f4841 0 53534552 0 2e415f41 0 73657274 0 6c5f6173 0 6f76 
_C_1c94_55b1ec99_a4 84 0 140 0 0 6865636b 0 616c2d63 0 64203276 0 742d656e 0 6f772061 0 77696e64 0 0 0 0 0 0 0 0 
_C_1c94_55b1ec99_154 8c 0 148 0 0 6e642036 0 20312061 0 7765656e 0 20626574 0 64206265 0 686f756c 0 70722073 0 745f6578 0 5f746573 0 6e675f31 0 72 
_C_1c94_55b1ec99_29 8c 0 1b8 0 0 55455f50 0 5f56414c 0 4845434b 0 4f4e5f43 0 5f585a5f 0 54415445 0 4e545f53 0 45534345 0 5f515549 0 53455254 0 415f4153 0 6572742e 0 5f617373 0 6f766c 
_C_1c94_55b1ec99_9f 84 0 140 0 0 6865636b 0 616c2d63 0 65203276 0 74696d 0 0 0 0 0 0 0 0 0 0 0 0 
_C_1c94_55b1ec99_93 84 0 140 0 0 6865636b 0 76616c63 0 6c6f2032 0 6d6f6475 0 6d696e2d 0 6c746120 0 6465 0 0 0 0 0 0 
_C_1c94_55b1ec99_83 84 0 140 0 0 6865636b 0 20582d63 0 5f686f74 0 5f6f6e65 0 7a65726f 0 0 0 0 0 0 0 0 0 0 
_C_1c94_55b1ec99_f2 8c 0 190 0 0 666c6f77 0 6f766572 0 206f7220 0 666c6f77 0 6e646572 0 65722075 0 206e6576 0 6f756c64 0 72207368 0 5f657870 0 74657374 0 785f315f 0 6669 
_C_1c94_55b1ec99_16e 8c 0 210 0 0 52545f50 0 5f535441 0 525f4f4e 0 455f4552 0 48414e47 0 5f554e43 0 53455254 0 415f4153 0 6172742e 0 775f7374 0 6e5f6e65 0 6f725f6f 0 5f657272 0 2e6f766c 0 73657274 0 6c5f6173 0 6f76 
_C_1c94_55b1ec99_f7 84 0 c0 0 0 63746564 0 64657465 0 6c6f7720 0 76657266 0 666f206f 0 4669 
_C_1c94_55b1ec99_1d 8c 0 100 0 0 54595f50 0 50415249 0 4f44445f 0 4552545f 0 5f415353 0 72742e41 0 61737365 0 6f766c5f 
_C_1c94_55b1ec99_32 8c 0 1d8 0 0 76656e74 0 6e645f65 0 20262065 0 76656e74 0 72745f65 0 20737461 0 7765656e 0 20626574 0 686f6c64 0 756c6420 0 2073686f 0 65787072 0 6573745f 0 5f315f74 0 77696e 
_C_1c94_55b1ec99_13b 8c 0 378 0 0 52545f50 0 5f535441 0 484f5554 0 5f574954 0 54455354 0 4558545f 0 52545f4e 0 41535345 0 742e415f 0 73746172 0 6f75745f 0 77697468 0 6573745f 0 78745f74 0 745f6e65 0 73736572 0 2e615f61 0 74657374 0 6f75745f 0 77697468 0 6172745f 0 745f7374 0 5f6e6578 0 73657274 0 615f6173 0 6572742e 0 5f617373 0 6f766c 
_C_1c94_55b1ec99_181 84 0 200 0 0 6f72205a 0 73205820 0 7461696e 0 20636f6e 0 76656e74 0 72745f65 0 737461 0 0 0 0 0 0 0 0 0 0 0 0 0 0 0 0 0 0 
_C_1c94_55b1ec99_173 8c 0 158 0 0 50525f50 0 545f4558 0 5f544553 0 5a5f4f4e 0 54485f58 0 5f574944 0 53455254 0 415f4153 0 6572742e 0 5f617373 0 6f766c 
_C_1c94_55b1ec99_ba 8c 0 2c8 0 0 585a5f50 0 5850525f 0 53545f45 0 455f5445 0 47454447 0 455f4e45 0 5f454447 0 535f4f4e 0 4c574159 0 52545f41 0 41535345 0 652e415f 0 67656467 0 655f6e65 0 5f656467 0 735f6f6e 0 6c776179 0 72745f61 0 61737365 0 742e615f 0 73736572 0 766c5f61 0 6f 
_C_1c94_55b1ec99_b2 8c 0 2c8 0 0 585a5f50 0 5850525f 0 53545f45 0 455f5445 0 53454447 0 455f504f 0 5f454447 0 535f4f4e 0 4c574159 0 52545f41 0 41535345 0 652e415f 0 73656467 0 655f706f 0 5f656467 0 735f6f6e 0 6c776179 0 72745f61 0 61737365 0 742e615f 0 73736572 0 766c5f61 0 6f 
_C_1c94_55b1ec99_c2 8c 0 2c8 0 0 585a5f50 0 5850525f 0 53545f45 0 455f5445 0 59454447 0 455f414e 0 5f454447 0 535f4f4e 0 4c574159 0 52545f41 0 41535345 0 652e415f 0 79656467 0 655f616e 0 5f656467 0 735f6f6e 0 6c776179 0 72745f61 0 61737365 0 742e615f 0 73736572 0 766c5f61 0 6f 
_C_1c94_55b1ec99_2d 8c 0 100 0 0 4f4e5f50 0 53495449 0 5452414e 0 4552545f 0 5f415353 0 72742e41 0 61737365 0 6f766c5f 
_C_1c94_55b1ec99_15c 8c 0 1a8 0 0 4d455f50 0 545f5449 0 53534552 0 2e415f41 0 74617274 0 65775f73 0 6f6e5f6e 0 7365745f 0 6c5f7265 0 745f6f76 0 742e6e6f 0 73736572 0 766c5f61 0 6f 
_C_1c94_55b1ec99_141 84 0 320 0 0 206d696e 0 3120746f 0 6d61782b 0 6e676520 0 65207261 0 6e207468 0 75652069 0 2076616c 0 746f2061 0 6d617820 0 6c756520 0 6d207661 0 78696d75 0 64206d61 0 6c6f7765 0 6d20616c 0 2066726f 0 616c7565 0 65642076 0 68616e67 0 6f6e2063 0 65737369 0 65787072 0 65737420 0 54 
_C_1c94_55b1ec99_ed 8c 0 138 0 0 746f2034 0 79203220 0 67652062 0 6368616e 0 756c6420 0 2073686f 0 65787072 0 6573745f 0 5f315f74 0 646c74 
_C_1c94_55b1ec99_9d 84 0 140 0 0 6865636b 0 616c2d63 0 65203276 0 75656e63 0 5f736571 0 79636c65 0 63 0 0 0 0 0 0 
_C_1c94_55b1ec99_137 8c 0 1b0 0 0 76656e74 0 72745f65 0 20737461 0 66746572 0 6b732061 0 756d5f63 0 7572206e 0 206f6363 0 6f756c64 0 72207368 0 5f657870 0 74657374 0 745f325f 0 6e78 
_C_1c94_55b1ec99_e7 8c 0 360 0 0 585a5f50 0 454e545f 0 545f4556 0 46495253 0 4e43325f 0 5f4f4e5f 0 47474552 0 5f545249 0 454e4345 0 53455155 0 4552545f 0 5f415353 0 787a2e41 0 656e745f 0 745f6576 0 66697273 0 6e63325f 0 5f6f6e5f 0 67676572 0 5f747269 0 656e6365 0 73657175 0 6572745f 0 5f617373 0 72742e61 0 61737365 0 6f766c5f 
_C_1c94_55b1ec99_187 8c 0 1a0 0 0 4e545f50 0 5f455645 0 54415254 0 4f4e5f53 0 5f585a5f 0 414e4745 0 554e4348 0 57494e5f 0 4552545f 0 5f415353 0 72742e41 0 61737365 0 6f766c5f 
_C_1c94_55b1ec99_5a 84 0 140 0 0 653a3158 0 6b2c2074 0 63686563 0 6320582d 0 6173796e 0 6f776e5f 0 756e6b6e 0 7665725f 0 6e65 0 0 
_C_1c94_55b1ec99_72 84 0 140 0 0 65726521 0 72652068 0 64206669 0 686f756c 0 2a3a2073 0 2a425547 0 0 0 0 0 0 0 0 
_C_1c94_55b1ec99_172 8c 0 1f0 0 0 434b5f50 0 5f434845 0 5f4d494e 0 49445448 0 52545f57 0 41535345 0 6b2e415f 0 63686563 0 6d696e5f 0 6474685f 0 745f7769 0 73736572 0 2e615f61 0 73657274 0 6c5f6173 0 6f76 
_C_1c94_55b1ec99_d1 84 0 1e0 0 0 6e676564 0 20636861 0 73696f6e 0 70726573 0 74206578 0 20746573 0 666f7265 0 45206265 0 20545255 0 61746564 0 76616c75 0 6e742065 0 20657665 0 74617274 0 53 
_C_1c94_55b1ec99_185 8c 0 200 0 0 76656e74 0 6e645f65 0 20262065 0 76656e74 0 72745f65 0 20737461 0 7765656e 0 20626574 0 61626c65 0 65207374 0 6c642062 0 73686f75 0 78707220 0 73745f65 0 315f7465 0 7775635f 
_C_1c94_55b1ec99_a5 84 0 140 0 0 6865636b 0 616c2d63 0 64203276 0 652d656e 0 65666f72 0 67652062 0 6368616e 0 6e5f756e 0 7769 0 0 
_C_1c94_55b1ec99_73 84 0 140 0 0 6865636b 0 20582d63 0 72697479 0 645f7061 0 6f64 0 0 0 0 0 0 0 0 0 0 
_C_1c94_55b1ec99_113 8c 0 160 0 0 45515f50 0 4c455f52 0 4c544950 0 455f4d55 0 5348414b 0 48414e44 0 4552545f 0 5f415353 0 72742e41 0 61737365 0 6f766c5f 
_C_1c94_55b1ec99_8b 84 0 140 0 0 6865636b 0 20582d63 0 76656e74 0 6e675f65 0 6d706c69 0 65207361 0 5f656467 0 735f6f6e 0 6c776179 0 61 
_C_1c94_55b1ec99_ae 84 0 1c0 0 0 76656e74 0 6e672065 0 6d706c69 0 66207361 0 7665206f 0 65637469 0 72657370 0 45206972 0 46414c53 0 20697320 0 73696f6e 0 70726573 0 74206578 0 546573 
_C_1c94_55b1ec99_151 8c 0 90 0 0 54494f4e 0 504f5349 0 5f50524f 0 53455254 0 4153 
_C_1c94_55b1ec99_86 84 0 140 0 0 44474529 0 284e4f45 0 524f5220 0 3a204552 0 6661696c 0 3120582d 0 0 0 0 0 0 0 0 
_C_1c94_55b1ec99_108 8c 0 3b0 0 0 61727429 0 77207374 0 65206e65 0 676e6f72 0 74202869 0 6576656e 0 6172745f 0 335f7374 0 66726d5f 0 74657220 0 73206166 0 79636c65 0 20372063 0 7468696e 0 64207769 0 20686f6c 0 6d757374 0 62757420 0 6c657320 0 20637963 0 72652033 0 6265666f 0 6f6c6420 0 6f742068 0 7374206e 0 72206d75 0 5f657870 0 74657374 0 6d5f335f 0 6672 
_C_1c94_55b1ec99_45 84 0 2e0 0 0 74617465 0 78745f73 0 6f206e65 0 616c2074 0 20657175 0 616c7565 0 20612076 0 6520746f 0 73746174 0 6172745f 0 6f207374 0 616c2074 0 20657175 0 616c7565 0 6f6d2076 0 64206672 0 696f6e65 0 6e736974 0 20747261 0 73696f6e 0 70726573 0 74206578 0 546573 
_C_1c94_55b1ec99_39 84 0 80 0 0 4154414c 0 564c5f46 0 4f 0 0 
_C_1c94_55b1ec99_6d 84 0 140 0 0 494e464f 0 4e202620 0 20574152 0 61696c3a 0 20582d66 0 32 0 0 0 0 0 0 0 0 
_C_1c94_55b1ec99_97 84 0 140 0 0 6865636b 0 616c2d63 0 6e203276 0 6974696f 0 72616e73 0 6e6f5f74 0 0 0 0 0 0 0 0 
_C_1c94_55b1ec99_d9 8c 0 320 0 0 585a5f50 0 5a5f315f 0 4e545f58 0 5f455645 0 4c415354 0 4e43305f 0 5f4f4e5f 0 47474552 0 5f545249 0 454e4345 0 53455155 0 4552545f 0 5f415353 0 787a2e41 0 6e63305f 0 5f6f6e5f 0 67676572 0 5f747269 0 656e6365 0 73657175 0 6572745f 0 5f617373 0 72742e61 0 61737365 0 6f766c5f 
_C_1c94_55b1ec99_fe 8c 0 138 0 0 52545f50 0 5f535441 0 5a5f4f4e 0 4d455f58 0 5f465241 0 53455254 0 415f4153 0 6572742e 0 5f617373 0 6f766c 
_C_1c94_55b1ec99_127 84 0 1e0 0 0 66696564 0 70656369 0 616e2073 0 72207468 0 6f746865 0 6c756520 0 61207661 0 20627920 0 61736564 0 6e637265 0 69732069 0 696f6e20 0 72657373 0 20657870 0 54657374 
_C_1c94_55b1ec99_bd 8c 0 2a8 0 0 585a5f50 0 5f585a5f 0 56454e54 0 4d505f45 0 455f5341 0 5f454447 0 535f4f4e 0 4c574159 0 52545f41 0 41535345 0 652e415f 0 67656467 0 655f6e65 0 5f656467 0 735f6f6e 0 6c776179 0 72745f61 0 61737365 0 742e615f 0 73736572 0 766c5f61 0 6f 
_C_1c94_55b1ec99_6f 84 0 140 0 0 494e464f 0 4e202620 0 20574152 0 61696c3a 0 322046 0 0 0 0 0 0 0 0 0 0 
_C_1c94_55b1ec99_66 84 0 140 0 0 733d3129 0 20636f6e 0 653d582c 0 28616e74 0 65636b20 0 582d6368 0 696f6e20 0 69636174 0 696d706c 0 0 
_C_1c94_55b1ec99_3 8c 0 f8 0 0 3073207c 0 7c202534 0 34307320 0 207c2025 0 64206e73 0 7c202535 0 45583a20 0 494e44 
_C_1c94_55b1ec99_139 84 0 280 0 0 63746564 0 64657465 0 20697320 0 76656e74 0 72742065 0 20737461 0 6e206f66 0 6974696f 0 636f6e64 0 696e6720 0 6c617070 0 6f766572 0 67616c20 0 496c6c65 0 0 0 0 0 0 0 0 0 0 0 0 
_C_1c94_55b1ec99_4a 84 0 260 0 0 6f72205a 0 73205820 0 7461696e 0 20636f6e 0 65787072 0 6174655f 0 7374 0 0 0 0 0 0 0 0 0 0 0 0 0 0 0 0 0 0 0 0 0 0 0 0 
_C_1c94_55b1ec99_bb 8c 0 2e0 0 0 585a5f50 0 545f315f 0 4556454e 0 414d505f 0 47455f53 0 45474544 0 47455f4e 0 4e5f4544 0 59535f4f 0 414c5741 0 4552545f 0 5f415353 0 67652e41 0 65676564 0 67655f6e 0 6e5f6564 0 79735f6f 0 616c7761 0 6572745f 0 5f617373 0 72742e61 0 61737365 0 6f766c5f 
_C_1c94_55b1ec99_14 8c 0 238 0 0 68696768 0 20697320 0 65787072 0 656e745f 0 65636564 0 5f616e74 0 6d705f31 0 656e2069 0 68207768 0 20686967 0 64206265 0 686f756c 0 70722073 0 745f6578 0 7175656e 0 6f6e7365 0 5f315f63 0 696d70 
_C_1c94_55b1ec99_14b 84 0 1e0 0 0 62697473 0 74656420 0 73736572 0 20646561 0 616e2031 0 73207468 0 206c6573 0 65206f72 0 206d6f72 0 61696e73 0 636f6e74 0 696f6e20 0 72657373 0 20657870 0 54657374 
_C_1c94_55b1ec99_56 84 0 140 0 0 63746564 0 65787065 0 72657320 0 61696c75 0 302066 0 0 0 0 0 0 0 0 0 0 
_C_1c94_55b1ec99_49 84 0 260 0 0 72746564 0 61737365 0 20697320 0 76656e74 0 6c652065 0 73616d70 0 696c6520 0 65207768 0 76616c75 0 65636b5f 0 6f206368 0 616c2074 0 20657175 0 206e6f74 0 6e206973 0 7373696f 0 78707265 0 74652065 0 537461 
_C_1c94_55b1ec99_170 8c 0 60 0 0 49445448 0 52545f57 0 41535345 
_C_1c94_55b1ec99_63 84 0 140 0 0 6865636b 0 616c2d63 0 79203276 0 61726974 0 656e5f70 0 6576 0 0 0 0 0 0 0 0 
_C_1c94_55b1ec99_2f 8c 0 180 0 0 50525f50 0 545f4558 0 5f544553 0 5a5f4f4e 0 4f4e5f58 0 53495449 0 5452414e 0 4552545f 0 5f415353 0 72742e41 0 61737365 0 6f766c5f 
_C_1c94_55b1ec99_165 8c 0 1f0 0 0 76656e74 0 72745f65 0 20737461 0 73206f66 0 6d5f636b 0 67206e75 0 7572696e 0 6c652064 0 73746162 0 20626520 0 6f756c64 0 72207368 0 5f657870 0 74657374 0 635f315f 0 756e 
_C_1c94_55b1ec99_c7 8c 0 1d8 0 0 76656e74 0 72745f65 0 20737461 0 73206f66 0 6d5f636b 0 6e206e75 0 69746869 0 67652077 0 6368616e 0 756c6420 0 2073686f 0 65787072 0 6573745f 0 5f315f74 0 636867 
_C_1c94_55b1ec99_16a 8c 0 1f0 0 0 76656e74 0 72745f65 0 20737461 0 73206f66 0 6d5f636b 0 67206e75 0 7572696e 0 6c652064 0 73746162 0 20626520 0 6f756c64 0 72207368 0 5f657870 0 74657374 0 635f325f 0 756e 
_C_1c94_55b1ec99_9e 84 0 140 0 0 6865636b 0 616c2d63 0 74203276 0 6e6578 0 0 0 0 0 0 0 0 0 0 0 0 
_C_1c94_55b1ec99_7f 84 0 140 0 0 72203729 0 2030206f 0 74206265 0 616e6e6f 0 4b2c2063 0 6b20284f 0 63686563 0 6520582d 0 72616e67 0 0 
_C_1c94_55b1ec99_e4 84 0 280 0 0 6f72205a 0 73205820 0 7461696e 0 20636f6e 0 656e6365 0 73657175 0 74686520 0 20696e20 0 76656e74 0 73742065 0 466972 0 0 0 0 0 0 0 0 0 0 0 0 0 0 0 0 0 0 
_C_1c94_55b1ec99_f0 84 0 2a0 0 0 206d6178 0 20616e64 0 206d696e 0 64206279 0 69666965 0 73706563 0 6e676520 0 65207261 0 6e207468 0 6f742069 0 7565206e 0 2076616c 0 656c7461 0 20612064 0 64206279 0 616e6765 0 6e206368 0 7373696f 0 78707265 0 73742065 0 5465 
_C_1c94_55b1ec99_98 84 0 140 0 0 6865636b 0 616c2d63 0 6e203276 0 77206d69 0 72666c6f 0 756e6465 0 6e6f5f 0 0 0 0 0 0 
_C_1c94_55b1ec99_18b 8c 0 98 0 0 5f484f54 0 5f4f4e45 0 5a45524f 0 4552545f 0 415353 
_C_1c94_55b1ec99_cb 84 0 260 0 0 6f72205a 0 73205820 0 7461696e 0 20636f6e 0 76656e74 0 72745f65 0 737461 0 0 0 0 0 0 0 0 0 0 0 0 0 0 0 0 0 0 0 0 0 0 0 0 
_C_1c94_55b1ec99_10d 8c 0 348 0 0 52545f50 0 5f535441 0 5f4e4557 0 5a5f4f4e 0 4d455f58 0 5f465241 0 53455254 0 415f4153 0 6172742e 0 775f7374 0 6e5f6e65 0 787a5f6f 0 616d655f 0 745f6672 0 73736572 0 2e615f61 0 65787072 0 6573745f 0 6f6e5f74 0 5f787a5f 0 72616d65 0 72745f66 0 61737365 0 742e615f 0 73736572 0 766c5f61 0 6f 
_C_1c94_55b1ec99_62 84 0 140 0 0 6865636b 0 20582d63 0 72697479 0 6e5f7061 0 657665 0 0 0 0 0 0 0 0 0 0 
_C_1c94_55b1ec99_d 8c 0 160 0 0 50525f50 0 545f4558 0 5f544553 0 5a5f4f4e 0 59535f58 0 414c5741 0 4552545f 0 5f415353 0 72742e41 0 61737365 0 6f766c5f 
_C_1c94_55b1ec99_43 84 0 120 0 0 6f72205a 0 73205820 0 7461696e 0 20636f6e 0 65787072 0 656e745f 0 73657175 0 636f6e 0 0 
_C_1c94_55b1ec99_25 8c 0 b0 0 0 54415445 0 4e545f53 0 45534345 0 5f515549 0 53455254 0 4153 
_C_1c94_55b1ec99_ac 8c 0 250 0 0 47455f50 0 4e4f4544 0 4447455f 0 4f4e5f45 0 4159535f 0 5f414c57 0 53455254 0 415f4153 0 6467652e 0 5f6e6f65 0 65646765 0 5f6f6e5f 0 77617973 0 745f616c 0 73736572 0 2e615f61 0 73657274 0 6c5f6173 0 6f76 
_C_1c94_55b1ec99_4 8c 0 348 0 0 2d2d2d7c 0 2d2d2d2d 0 2d2d2d2d 0 2d2d2d2d 0 2d2d2d2d 0 2d2d2d2d 0 2d2d2d2d 0 2d2d2d2d 0 2d2d2d2d 0 2d2d2d2d 0 7c2d2d2d 0 2d2d2d2d 0 2d2d2d2d 0 2d2d2d2d 0 2d2d2d2d 0 2d2d2d2d 0 2d2d2d2d 0 2d2d2d2d 0 2d2d2d2d 0 2d2d2d2d 0 2d2d2d2d 0 2d7c2d2d 0 2d2d2d2d 0 2d2d2d2d 0 20207c2d 0 7e7e7e7e 0 7e 
_C_1c94_55b1ec99_c3 8c 0 2f8 0 0 585a5f50 0 454e545f 0 505f4556 0 5f53414d 0 50524556 0 4447455f 0 414e5945 0 4447455f 0 4f4e5f45 0 4159535f 0 5f414c57 0 53455254 0 415f4153 0 6467652e 0 616e7965 0 6467655f 0 6f6e5f65 0 6179735f 0 5f616c77 0 73657274 0 615f6173 0 6572742e 0 5f617373 0 6f766c 
_C_1c94_55b1ec99_60 84 0 140 0 0 6865636b 0 616c2d63 0 73203276 0 6c776179 0 61 0 0 0 0 0 0 0 0 0 0 
_C_1c94_55b1ec99_22 8c 0 1a0 0 0 54455f50 0 5f535441 0 4e455854 0 5f4f4e5f 0 4e5f585a 0 4954494f 0 52414e53 0 4e4f5f54 0 4552545f 0 5f415353 0 72742e41 0 61737365 0 6f766c5f 
_C_1c94_55b1ec99_15a 8c 0 130 0 0 52545f50 0 5f535441 0 5a5f4f4e 0 4d455f58 0 545f5449 0 53534552 0 2e415f41 0 73657274 0 6c5f6173 0 6f76 
_C_1c94_55b1ec99_3a 84 0 80 0 0 52524f52 0 564c5f45 0 4f 0 0 
_C_1c94_55b1ec99_14c 8c 0 70 0 0 5f484f54 0 5f4f4e45 0 53455254 0 4153 
_C_1c94_55b1ec99_ec 8c 0 60 0 0 454c5441 0 52545f44 0 41535345 
_C_1c94_55b1ec99_123 84 0 340 0 0 6f72205a 0 73205820 0 7461696e 0 20636f6e 0 61636b 0 0 0 0 0 0 0 0 0 0 0 0 0 0 0 0 0 0 0 0 0 0 0 0 0 0 0 0 0 0 0 0 0 0 0 0 0 0 0 0 0 0 
_C_1c94_55b1ec99_27 8c 0 128 0 0 54455f50 0 5f535441 0 43454e54 0 55494553 0 52545f51 0 41535345 0 742e415f 0 73736572 0 766c5f61 0 6f 
_C_1c94_55b1ec99_e6 8c 0 258 0 0 6e656429 0 70656c69 0 6e2d7069 0 20286e6f 0 656e6365 0 73657175 0 206f6620 0 20656e64 0 68206174 0 20686967 0 64206265 0 686f756c 0 305d2073 0 655b313a 0 75656e63 0 5f736571 0 76656e74 0 5f335f65 0 637371 
_C_1c94_55b1ec99_37 8c 0 348 0 0 3d3d3d7c 0 3d3d3d3d 0 3d3d3d3d 0 3d3d3d3d 0 3d3d3d3d 0 3d3d3d3d 0 3d3d3d3d 0 3d3d3d3d 0 3d3d3d3d 0 3d3d3d3d 0 7c3d3d3d 0 3d3d3d3d 0 3d3d3d3d 0 3d3d3d3d 0 3d3d3d3d 0 3d3d3d3d 0 3d3d3d3d 0 3d3d3d3d 0 3d3d3d3d 0 3d3d3d3d 0 3d3d3d3d 0 3d7c3d3d 0 3d3d3d3d 0 3d3d3d3d 0 3a207c3d 0 4e444558 0 49 
_C_23b7_55b1ef07_5 8c 0 150 0 0 68696768 0 746c7920 0 616e656e 0 7065726d 0 20626520 0 6f756c64 0 72207368 0 5f657870 0 74657374 0 775f325f 0 616c 
_C_1c94_55b1ec99_15e 8c 0 298 0 0 61727429 0 77207374 0 6e206e65 0 6574206f 0 28726573 0 656e7420 0 745f6576 0 73746172 0 6d5f325f 0 72207469 0 61667465 0 6c657320 0 20637963 0 6f722035 0 6c642066 0 7420686f 0 206d7573 0 65787072 0 6573745f 0 5f325f74 0 74696d 
_C_1c94_55b1ec99_71 84 0 140 0 0 68205829 0 28626f74 0 65636b20 0 582d6368 0 6f776e20 0 756e6b6e 0 7665725f 0 6e65 0 0 0 0 
_C_1c94_55b1ec99_146 8c 0 190 0 0 50525f50 0 545f4558 0 5f544553 0 5a5f4f4e 0 4f575f58 0 4552464c 0 5f554e44 0 545f4e4f 0 53534552 0 2e415f41 0 73657274 0 6c5f6173 0 6f76 
_C_1c94_55b1ec99_16c 8c 0 218 0 0 52545f50 0 5f535441 0 5f4e4557 0 5a5f4f4e 0 47455f58 0 4348414e 0 545f554e 0 53534552 0 2e415f41 0 74617274 0 65775f73 0 72655f6e 0 69676e6f 0 6f766c5f 0 6572742e 0 5f617373 0 6f766c 
_C_1c94_55b1ec99_143 8c 0 98 0 0 464c4f57 0 4e444552 0 4e4f5f55 0 4552545f 0 415353 
_C_1c94_55b1ec99_df 84 0 2c0 0 0 6f72205a 0 73205820 0 7461696e 0 20636f6e 0 656e6365 0 73657175 0 74686520 0 20696e20 0 76656e74 0 73742065 0 466972 0 0 0 0 0 0 0 0 0 0 0 0 0 0 0 0 0 0 0 0 0 0 
_C_1c94_55b1ec99_1e 8c 0 180 0 0 50525f50 0 545f4558 0 5f544553 0 5a5f4f4e 0 54595f58 0 50415249 0 4f44445f 0 4552545f 0 5f415353 0 72742e41 0 61737365 0 6f766c5f 
_C_1c94_55b1ec99_190 84 0 1a0 0 0 6f72205a 0 73205820 0 7461696e 0 20636f6e 0 65787072 0 6573745f 0 74 0 0 0 0 0 0 0 0 0 0 0 0 
_C_1c94_55b1ec99_4f 84 0 2a0 0 0 6f72205a 0 73205820 0 7461696e 0 20636f6e 0 65787072 0 6573745f 0 74 0 0 0 0 0 0 0 0 0 0 0 0 0 0 0 0 0 0 0 0 0 0 0 0 0 0 0 0 
_C_1c94_55b1ec99_117 8c 0 280 0 0 54485f50 0 4c454e47 0 4d41585f 0 41434b5f 0 414b455f 0 4e445348 0 545f4841 0 53534552 0 2e415f41 0 6e677468 0 785f6c65 0 6b5f6d61 0 655f6163 0 7368616b 0 68616e64 0 6572745f 0 5f617373 0 72742e61 0 61737365 0 6f766c5f 
_C_1c94_55b1ec99_31 8c 0 68 0 0 4e444f57 0 545f5749 0 53534552 0 41 
_C_1c94_55b1ec99_de 84 0 2c0 0 0 6f72205a 0 6e205820 0 6e746169 0 6520636f 0 75656e63 0 20736571 0 20746865 0 7320696e 0 76656e74 0 2d312065 0 5f636b73 0 206e756d 0 69727374 0 46 0 0 0 0 0 0 0 0 0 0 0 0 0 0 0 0 
_C_1c94_55b1ec99_57 84 0 140 0 0 61737329 0 746f2070 0 73657420 0 616c7320 0 7369676e 0 68657220 0 20286f74 0 204f6666 0 65736574 0 52 
_C_1c94_55b1ec99_f1 8c 0 88 0 0 4e444558 0 464f5f49 0 545f4649 0 53534552 0 41 
_C_1c94_55b1ec99_2 8c 0 348 0 0 2d2d2d7c 0 2d2d2d2d 0 2d2d2d2d 0 2d2d2d2d 0 2d2d2d2d 0 2d2d2d2d 0 2d2d2d2d 0 2d2d2d2d 0 2d2d2d2d 0 2d2d2d2d 0 7c2d2d2d 0 2d2d2d2d 0 2d2d2d2d 0 2d2d2d2d 0 2d2d2d2d 0 2d2d2d2d 0 2d2d2d2d 0 2d2d2d2d 0 2d2d2d2d 0 2d2d2d2d 0 2d2d2d2d 0 2d7c2d2d 0 2d2d2d2d 0 2d2d2d2d 0 20207c2d 0 20202020 0 20 
_C_1c94_55b1ec99_111 8c 0 80 0 0 48414b45 0 414e4453 0 52545f48 0 41535345 
_C_1c94_55b1ec99_35 8c 0 160 0 0 50525f50 0 545f4558 0 5f544553 0 5a5f4f4e 0 4f575f58 0 57494e44 0 4552545f 0 5f415353 0 72742e41 0 61737365 0 6f766c5f 
_C_23b7_55b1ef07_1 8c 0 1e0 0 0 3a202573 0 73616765 0 204d6573 0 2530642c 0 74793a20 0 76657269 0 6d205365 0 20402025 0 697a6564 0 7469616c 0 20696e69 0 3a202573 0 3a202573 0 4e4f5445 0 4f564c5f 
_C_1c94_55b1ec99_140 8c 0 188 0 0 50525f50 0 545f4558 0 5f544553 0 5a5f4f4e 0 4f575f58 0 4552464c 0 4f5f4f56 0 52545f4e 0 41535345 0 742e415f 0 73736572 0 766c5f61 0 6f 
_C_1c94_55b1ec99_183 84 0 200 0 0 6f72205a 0 73205820 0 7461696e 0 20636f6e 0 76656e74 0 6e645f65 0 65 0 0 0 0 0 0 0 0 0 0 0 0 0 0 0 0 0 0 
_C_1c94_55b1ec99_135 84 0 280 0 0 6f72205a 0 73205820 0 7461696e 0 20636f6e 0 65787072 0 6573745f 0 74 0 0 0 0 0 0 0 0 0 0 0 0 0 0 0 0 0 0 0 0 0 0 0 0 0 0 
_C_1c94_55b1ec99_c8 8c 0 140 0 0 52545f50 0 5f535441 0 5a5f4f4e 0 47455f58 0 4348414e 0 4552545f 0 5f415353 0 72742e41 0 61737365 0 6f766c5f 
_C_1c94_55b1ec99_d6 8c 0 1c8 0 0 656e6365 0 73657175 0 206f6620 0 20656e64 0 68206174 0 20686967 0 64206265 0 686f756c 0 305d2073 0 6e63655b 0 65717565 0 6e745f73 0 5f657665 0 73715f31 0 63 
_C_1c94_55b1ec99_159 8c 0 288 0 0 61727429 0 77207374 0 65206e65 0 676e6f72 0 74202869 0 6576656e 0 6172745f 0 315f7374 0 74696d5f 0 74657220 0 73206166 0 79636c65 0 20352063 0 20666f72 0 686f6c64 0 75737420 0 7072206d 0 745f6578 0 5f746573 0 696d5f31 0 74 
_C_1c94_55b1ec99_107 84 0 2a0 0 0 76656e74 0 72742065 0 20737461 0 66726f6d 0 6c657320 0 20637963 0 5f636b73 0 206d6178 0 696d756d 0 206d6178 0 66696564 0 70656369 0 696e2073 0 77697468 0 52554520 0 6f742054 0 6973206e 0 696f6e20 0 72657373 0 20657870 0 54657374 
_C_1c94_55b1ec99_1a 8c 0 118 0 0 574e5f50 0 4e4b4e4f 0 45525f55 0 5f4e4556 0 53455254 0 415f4153 0 6572742e 0 5f617373 0 6f766c 
_C_1c94_55b1ec99_44 84 0 160 0 0 72697479 0 64207061 0 74206f64 0 68696269 0 74206578 0 73206e6f 0 20646f65 0 73696f6e 0 70726573 0 74206578 0 546573 
_C_1c94_55b1ec99_18e 8c 0 128 0 0 585a5f50 0 484f545f 0 4f4e455f 0 45524f5f 0 52545f5a 0 41535345 0 742e415f 0 73736572 0 766c5f61 0 6f 
_C_1c94_55b1ec99_75 84 0 140 0 0 6865636b 0 20582d63 0 636f6c64 0 6f6e655f 0 0 0 0 0 0 0 0 0 0 0 0 
_C_1c94_55b1ec99_ad 8c 0 2b8 0 0 585a5f50 0 5850525f 0 53545f45 0 455f5445 0 4f454447 0 47455f4e 0 4e5f4544 0 59535f4f 0 414c5741 0 4552545f 0 5f415353 0 67652e41 0 6e6f6564 0 6467655f 0 6f6e5f65 0 6179735f 0 5f616c77 0 73657274 0 615f6173 0 6572742e 0 5f617373 0 6f766c 
_C_1c94_55b1ec99_17e 8c 0 180 0 0 50525f50 0 545f4558 0 5f544553 0 5a5f4f4e 0 47455f58 0 4348414e 0 57494e5f 0 4552545f 0 5f415353 0 72742e41 0 61737365 0 6f766c5f 
_C_1c94_55b1ec99_50 84 0 2a0 0 0 6f72205a 0 73205820 0 7461696e 0 20636f6e 0 74617465 0 72745f73 0 737461 0 0 0 0 0 0 0 0 0 0 0 0 0 0 0 0 0 0 0 0 0 0 0 0 0 0 0 0 
_C_1c94_55b1ec99_a2 84 0 140 0 0 6865636b 0 616c2d63 0 65203276 0 68616e67 0 696e5f63 0 77 0 0 0 0 0 0 0 0 
_C_1c94_55b1ec99_e0 8c 0 1d8 0 0 656e6365 0 73657175 0 206f6620 0 20656e64 0 68206174 0 20686967 0 64206265 0 686f756c 0 305d2073 0 655b313a 0 75656e63 0 5f736571 0 76656e74 0 5f325f65 0 637371 
_C_1c94_55b1ec99_34 8c 0 170 0 0 4e545f50 0 5f455645 0 54415254 0 4f4e5f53 0 5f585a5f 0 4e444f57 0 545f5749 0 53534552 0 2e415f41 0 73657274 0 6c5f6173 0 6f76 
_C_1c94_55b1ec99_52 84 0 1e0 0 0 6f72205a 0 73205820 0 7461696e 0 20636f6e 0 76656e74 0 72745f65 0 737461 0 0 0 0 0 0 0 0 0 0 0 0 0 0 0 0 
_C_1c94_55b1ec99_178 8c 0 1b0 0 0 636c6573 0 78206379 0 64206d61 0 6e20616e 0 6e206d69 0 74776565 0 64206265 0 20686f6c 0 6f756c64 0 72207368 0 5f657870 0 74657374 0 645f335f 0 7769 
_C_1c94_55b1ec99_166 8c 0 150 0 0 52545f50 0 5f535441 0 5a5f4f4e 0 47455f58 0 4348414e 0 545f554e 0 53534552 0 2e415f41 0 73657274 0 6c5f6173 0 6f76 
_C_1c94_55b1ec99_53 84 0 1e0 0 0 6f72205a 0 73205820 0 7461696e 0 20636f6e 0 65787072 0 6573745f 0 74 0 0 0 0 0 0 0 0 0 0 0 0 0 0 0 0 
_C_1c94_55b1ec99_e5 84 0 280 0 0 6f72205a 0 6e205820 0 6e746169 0 6520636f 0 75656e63 0 20736571 0 20746865 0 7320696e 0 76656e74 0 6e742065 0 65717565 0 53756273 0 0 0 0 0 0 0 0 0 0 0 0 0 0 0 0 
_C_1c94_55b1ec99_47 84 0 2e0 0 0 6f72205a 0 73205820 0 7461696e 0 20636f6e 0 65787072 0 6573745f 0 74 0 0 0 0 0 0 0 0 0 0 0 0 0 0 0 0 0 0 0 0 0 0 0 0 0 0 0 0 0 0 0 0 
_C_1c94_55b1ec99_115 8c 0 1f0 0 0 45515f50 0 4e545f52 0 45515545 0 53554253 0 5245515f 0 4f55545f 0 57495448 0 41434b5f 0 414b455f 0 4e445348 0 545f4841 0 53534552 0 2e415f41 0 73657274 0 6c5f6173 0 6f76 
_C_1c94_55b1ec99_10 8c 0 1d8 0 0 72746564 0 61737365 0 69747320 0 6f662062 0 62657220 0 206e756d 0 6576656e 0 20616e20 0 68617665 0 756c6420 0 2073686f 0 65787072 0 6573745f 0 5f315f74 0 657670 
_C_1c94_55b1ec99_189 8c 0 190 0 0 4e545f50 0 5f455645 0 5f454e44 0 5a5f4f4e 0 47455f58 0 4348414e 0 4e5f554e 0 545f5749 0 53534552 0 2e415f41 0 73657274 0 6c5f6173 0 6f76 
_C_1c94_55b1ec99_cf 8c 0 210 0 0 52545f50 0 5f535441 0 545f4f4e 0 52455345 0 4e47455f 0 5f434841 0 53455254 0 415f4153 0 6172742e 0 775f7374 0 6e5f6e65 0 65745f6f 0 5f726573 0 2e6f766c 0 73657274 0 6c5f6173 0 6f76 
_C_1c94_55b1ec99_14f 8c 0 100 0 0 585a5f50 0 484f545f 0 4f4e455f 0 4552545f 0 5f415353 0 72742e41 0 61737365 0 6f766c5f 
_C_1c94_55b1ec99_16 8c 0 178 0 0 58505f50 0 4e545f45 0 4f4e5f41 0 5f585a5f 0 54494f4e 0 4c494341 0 5f494d50 0 53455254 0 415f4153 0 6572742e 0 5f617373 0 6f766c 
_C_1c94_55b1ec99_dd 84 0 2c0 0 0 6f72205a 0 73205820 0 7461696e 0 20636f6e 0 656e6365 0 73657175 0 74686520 0 20696e20 0 76656e74 0 73742065 0 4c61 0 0 0 0 0 0 0 0 0 0 0 0 0 0 0 0 0 0 0 0 0 0 
_C_1c94_55b1ec99_af 84 0 1c0 0 0 6f72205a 0 73205820 0 7461696e 0 20636f6e 0 65787072 0 6573745f 0 74 0 0 0 0 0 0 0 0 0 0 0 0 0 0 
_C_1c94_55b1ec99_28 8c 0 1b0 0 0 50525f50 0 455f4558 0 53544154 0 5f4f4e5f 0 455f585a 0 53544154 0 454e545f 0 49455343 0 545f5155 0 53534552 0 2e415f41 0 73657274 0 6c5f6173 0 6f76 
_C_1c94_55b1ec99_102 84 0 2e0 0 0 76656e74 0 72742065 0 20737461 0 66726f6d 0 6c657320 0 20637963 0 5f636b73 0 206d696e 0 696d756d 0 206d696e 0 66696564 0 70656369 0 6f662073 0 70736520 0 20656c61 0 666f7265 0 45206265 0 20545255 0 6e206973 0 7373696f 0 78707265 0 73742065 0 5465 
_C_1c94_55b1ec99_168 8c 0 1c8 0 0 47455f50 0 4348414e 0 545f554e 0 53534552 0 2e415f41 0 74617274 0 65775f73 0 6f6e5f6e 0 7365745f 0 6c5f7265 0 745f6f76 0 742e6e6f 0 73736572 0 766c5f61 0 6f 
_C_1c94_55b1ec99_109 84 0 2e0 0 0 76656e74 0 72742065 0 20737461 0 66726f6d 0 6c657320 0 20637963 0 5f636b73 0 206d6178 0 696d756d 0 206d6178 0 66696564 0 70656369 0 696e2073 0 77697468 0 52554520 0 6f742054 0 6973206e 0 696f6e20 0 72657373 0 20657870 0 54657374 0 0 0 0 
